1 0 0 -1.98082e-18 0 1 -5.98985e-16 -2.69265e-18 0 5.98985e-16 1 1.11059e-17
0.999991 -0.00399774 -0.00112512 -0.00871705 0.00399937 0.999991 0.00145136 -0.00674762 0.00111931 -0.00145585 0.999998 0.70732
0.999965 -0.00802164 -0.00254807 -0.0189238 0.00802533 0.999967 0.0014402 -0.00458862 0.00253643 -0.0014606 0.999996 1.43203
0.999913 -0.0127145 -0.00341746 -0.0361031 0.0127244 0.999915 0.00288631 -0.00929663 0.00338048 -0.00292954 0.99999 2.16771
0.999848 -0.0171013 -0.0035083 -0.0518143 0.0171085 0.999852 0.00201915 -0.0152651 0.00347325 -0.00207886 0.999992 2.90981
0.999759 -0.0215193 -0.00436635 -0.0800714 0.0215331 0.999763 0.00313566 -0.023747 0.00429784 -0.00322893 0.999986 3.68854
0.999646 -0.0261358 -0.00488148 -0.110321 0.0261668 0.999637 0.00640007 -0.031429 0.00471243 -0.00652554 0.999968 4.45665
0.999531 -0.0303465 -0.00407479 -0.147796 0.0303797 0.999504 0.00834599 -0.0346298 0.0038195 -0.00846587 0.999957 5.257
0.999402 -0.0345363 -0.00141939 -0.184712 0.0345469 0.999368 0.00834409 -0.0410628 0.00113032 -0.00838814 0.999964 6.05884
0.999271 -0.038154 0.000880928 -0.213432 0.0381469 0.999247 0.0070543 -0.0488749 -0.00114941 -0.00701555 0.999975 6.87593
0.999182 -0.0404333 0.000864177 -0.253516 0.040426 0.999157 0.00721015 -0.0562169 -0.00115498 -0.00716932 0.999974 7.6875
0.999098 -0.0424565 0.000231516 -0.295659 0.0424538 0.999073 0.00709555 -0.0572786 -0.000532554 -0.00707932 0.999975 8.51205
0.999032 -0.0439792 0.000103812 -0.332977 0.0439781 0.999019 0.00513185 -0.0663179 -0.000329405 -0.00512231 0.999987 9.3419
0.998943 -0.0459534 0.000814822 -0.374865 0.0459487 0.998931 0.00509876 -0.0666885 -0.00104826 -0.00505593 0.999987 10.1871
0.998882 -0.0472549 0.00102242 -0.411957 0.0472529 0.998881 0.00191366 -0.0736204 -0.0011117 -0.00186321 0.999998 11.0405
0.998797 -0.0490178 -0.000999846 -0.461395 0.0490218 0.998788 0.0044258 -0.0778125 0.000781691 -0.00446949 0.99999 11.9083
0.998718 -0.0504964 -0.00345395 -0.513526 0.0505178 0.998702 0.00643181 -0.0898072 0.00312469 -0.00659806 0.999973 12.7841
0.998634 -0.0520158 -0.00489601 -0.562324 0.052061 0.998598 0.00959875 -0.0900478 0.00438986 -0.00984053 0.999942 13.6621
0.998572 -0.0531993 -0.00484787 -0.615609 0.053249 0.998523 0.0107731 -0.0966623 0.00426759 -0.0110159 0.99993 14.5488
0.998501 -0.0546358 -0.00319983 -0.664805 0.0546654 0.998454 0.0100395 -0.105999 0.00264636 -0.0101994 0.999944 15.4577
0.998434 -0.0559196 -0.00186223 -0.720061 0.0559352 0.998387 0.00977611 -0.115648 0.00131255 -0.00986496 0.99995 16.3585
0.998364 -0.0571649 -0.00135465 -0.773957 0.0571756 0.998314 0.0100168 -0.127943 0.000779758 -0.0100778 0.999949 17.2644
0.998284 -0.0585065 -0.00238713 -0.830041 0.0585272 0.998238 0.0097805 -0.131251 0.0018107 -0.00990343 0.999949 18.1766
0.998214 -0.0596788 -0.00267155 -0.891167 0.0597012 0.998173 0.00927457 -0.1411 0.00211317 -0.0094175 0.999953 19.0975
0.998172 -0.0604232 -0.00112686 -0.941699 0.0604311 0.998128 0.00939275 -0.15224 0.000557208 -0.00944368 0.999955 20.0143
0.998185 -0.0601919 0.00202833 -1.00219 0.0601695 0.998141 0.00968775 -0.151975 -0.00260768 -0.00954812 0.999951 20.9484
0.998202 -0.0596893 0.00542044 -1.06782 0.0596325 0.998169 0.0100967 -0.156213 -0.00601318 -0.00975527 0.999934 21.8913
0.998272 -0.058168 0.00828418 -1.12358 0.0580772 0.998254 0.0108072 -0.157162 -0.00889835 -0.0103075 0.999907 22.8329
0.998354 -0.056579 0.00937598 -1.17987 0.0564956 0.998363 0.00892928 -0.154016 -0.00986584 -0.00838488 0.999916 23.7886
0.998445 -0.0553475 0.00666881 -1.23942 0.055284 0.998427 0.0093554 -0.153012 -0.00717612 -0.00897217 0.999934 24.7282
0.998531 -0.0541475 0.00210414 -1.30571 0.0541183 0.998461 0.0120801 -0.157354 -0.00275501 -0.0119485 0.999925 25.6981
0.998592 -0.0530429 -0.000717207 -1.35775 0.0530477 0.998514 0.0124684 -0.162094 5.47815e-05 -0.0124889 0.999922 26.6538
0.998636 -0.0522197 0.000400351 -1.40689 0.0522123 0.998577 0.010823 -0.170913 -0.000964955 -0.0107873 0.999941 27.6232
0.998612 -0.0524107 0.00528119 -1.46 0.0523756 0.998606 0.00658134 -0.170178 -0.00561876 -0.00629559 0.999964 28.6114
0.998537 -0.0533018 0.00914803 -1.5161 0.0532893 0.998578 0.00160475 -0.167328 -0.00922055 -0.00111491 0.999957 29.5846
0.998495 -0.0540589 0.00925334 -1.56187 0.0541109 0.99852 -0.00546366 -0.175868 -0.00894428 0.00595614 0.999942 30.5591
0.998462 -0.0551648 0.00558827 -1.61267 0.0551951 0.998461 -0.00540527 -0.175863 -0.00528149 0.0057054 0.99997 31.5439
0.998392 -0.0566539 0.00195633 -1.66688 0.0566621 0.998384 -0.00443686 -0.181586 -0.0017018 0.00454058 0.999988 32.5196
0.998297 -0.0583343 0.00104597 -1.73503 0.0583371 0.998293 -0.00288969 -0.178556 -0.000875619 0.00294579 0.999995 33.5082
0.998221 -0.0595598 0.0028839 -1.7938 0.0595742 0.99821 -0.00518377 -0.188479 -0.00256999 0.00534635 0.999982 34.5241
0.99811 -0.0612003 0.00547285 -1.86595 0.0612209 0.998117 -0.00368368 -0.183135 -0.0052371 0.00401177 0.999978 35.5237
0.998024 -0.0624706 0.00671808 -1.93624 0.0624713 0.998047 9.78938e-05 -0.196088 -0.00671107 0.000321987 0.999977 36.5323
0.997922 -0.0637894 0.00912705 -2.00651 0.0637959 0.997963 -0.000419694 -0.192289 -0.00908168 0.00100109 0.999958 37.5304
0.99789 -0.0636984 0.0126045 -2.0734 0.0637036 0.997969 -8.71725e-06 -0.196539 -0.0125783 0.00081165 0.999921 38.5334
0.997834 -0.0641197 0.0146963 -2.14836 0.064078 0.997939 0.00328736 -0.182451 -0.0148768 -0.00233853 0.999887 39.5377
0.997835 -0.0642138 0.0142068 -2.21744 0.0641387 0.997925 0.00567856 -0.186746 -0.0145419 -0.00475506 0.999883 40.5303
0.997854 -0.0642262 0.0127323 -2.28535 0.0641702 0.997928 0.00475937 -0.182769 -0.0130116 -0.00393213 0.999908 41.5326
0.997907 -0.0638833 0.0100339 -2.363 0.063795 0.997923 0.00888721 -0.182368 -0.0105808 -0.0082285 0.99991 42.54
0.997841 -0.0649079 0.0100314 -2.43216 0.0648131 0.997852 0.00950723 -0.183124 -0.0106269 -0.00883653 0.999904 43.522
0.997762 -0.0658379 0.011668 -2.49781 0.0657785 0.99782 0.00540004 -0.180565 -0.011998 -0.00462045 0.999917 44.5077
0.997718 -0.0663501 0.0125028 -2.56635 0.0662914 0.997788 0.00505102 -0.169939 -0.0128102 -0.00421066 0.999909 45.508
0.997744 -0.0664097 0.00985016 -2.63476 0.0663506 0.997777 0.00621893 -0.17959 -0.0102413 -0.00555134 0.999932 46.475
0.997756 -0.0667965 0.00468372 -2.71364 0.0667473 0.99772 0.00998125 -0.177962 -0.00533975 -0.00964622 0.999939 47.4636
0.997759 -0.066816 0.00363505 -2.79074 0.0667731 0.997709 0.0108492 -0.186997 -0.00435162 -0.0105821 0.999935 48.4298
0.997729 -0.0670071 0.0068293 -2.85414 0.0669384 0.997709 0.0098451 -0.18471 -0.00747335 -0.0093656 0.999928 49.4069
0.997702 -0.0668779 0.0108786 -2.92088 0.0668118 0.997745 0.00633687 -0.193497 -0.0112779 -0.00559549 0.999921 50.3993
0.997668 -0.0672866 0.0114391 -2.99082 0.0672281 0.997723 0.0054277 -0.188796 -0.0117783 -0.00464601 0.99992 51.3541
0.997682 -0.0671957 0.0107179 -3.04852 0.0671684 0.997737 0.00289137 -0.193953 -0.010888 -0.00216476 0.999938 52.318
0.997671 -0.0675057 0.00972449 -3.11491 0.0675051 0.997719 0.000385188 -0.20285 -0.00972831 0.000272161 0.999953 53.29
0.997576 -0.0687345 0.0108673 -3.18536 0.0687469 0.997634 -0.000770943 -0.198982 -0.0107886 0.00151617 0.999941 54.2434
0.997458 -0.0696051 0.0152417 -3.2521 0.0696737 0.997562 -0.00401789 -0.193929 -0.0149249 0.00506962 0.999876 55.2027
0.997305 -0.0704047 0.0206143 -3.31573 0.0705576 0.997485 -0.00678621 -0.197011 -0.0200847 0.00822242 0.999764 56.1597
0.997206 -0.071125 0.0228233 -3.38865 0.0712719 0.997441 -0.00568651 -0.180878 -0.0223604 0.00729728 0.999723 57.1042
0.997179 -0.0724991 0.0194389 -3.46074 0.0726243 0.997342 -0.00581383 -0.174042 -0.0189657 0.00720916 0.999794 58.0486
0.99716 -0.0743667 0.011902 -3.53984 0.0744097 0.997223 -0.00321133 -0.168433 -0.0116302 0.00408784 0.999924 58.965
0.997148 -0.0751879 0.00651295 -3.61201 0.0751972 0.997168 -0.00119972 -0.176141 -0.00640431 0.00168605 0.999978 59.8818
0.997078 -0.0760839 0.00683728 -3.69527 0.0760594 0.997096 0.00377867 -0.168399 -0.00710492 -0.00324758 0.999969 60.7976
0.996979 -0.0771575 0.00892351 -3.77619 0.0771017 0.997002 0.00643147 -0.173871 -0.009393 -0.00572402 0.99994 61.6974
0.996859 -0.0784974 0.010538 -3.85209 0.0784251 0.996895 0.00710589 -0.176152 -0.0110631 -0.00625712 0.999919 62.5796
0.996785 -0.0794727 0.0101938 -3.92768 0.0793744 0.996798 0.0097143 -0.184511 -0.0109332 -0.00887394 0.999901 63.453
0.996652 -0.0810281 0.0109033 -4.00655 0.0809157 0.996667 0.0103877 -0.183212 -0.0117087 -0.00947067 0.999887 64.312
0.996524 -0.082487 0.0116173 -4.08123 0.0823626 0.996544 0.0108098 -0.188231 -0.0124689 -0.00981538 0.999874 65.1559
0.996395 -0.0839847 0.0120138 -4.15297 0.0838651 0.996426 0.0101362 -0.190625 -0.0128221 -0.00909215 0.999876 65.986
0.996273 -0.085302 0.0128143 -4.22255 0.0851615 0.996305 0.0111333 -0.194477 -0.0137166 -0.0100005 0.999856 66.7988
0.996135 -0.0864845 0.015345 -4.30153 0.0862878 0.996185 0.0130454 -0.190108 -0.0164146 -0.0116709 0.999797 67.5974
0.995946 -0.0878577 0.0192857 -4.37499 0.0876025 0.996061 0.0137047 -0.1821 -0.0204139 -0.0119597 0.99972 68.3894
0.99575 -0.0896208 0.0211963 -4.45239 0.0893089 0.995887 0.0152327 -0.177277 -0.0224743 -0.013275 0.999659 69.1577
0.995713 -0.0907703 0.0178001 -4.52781 0.0904471 0.995735 0.0181926 -0.185199 -0.0193755 -0.0165047 0.999676 69.907
0.995707 -0.0919789 0.0103458 -4.60187 0.0917627 0.995586 0.0197257 -0.182781 -0.0121145 -0.0186917 0.999752 70.6267
0.995655 -0.0930072 0.00462467 -4.67331 0.0929008 0.995485 0.0194736 -0.183709 -0.00641497 -0.0189593 0.9998 71.3453
0.995619 -0.0934587 0.00303605 -4.74035 0.0933693 0.995385 0.0221439 -0.183871 -0.00509159 -0.0217634 0.99975 72.0354
0.995524 -0.0943018 0.00626931 -4.81495 0.0941352 0.995294 0.0229914 -0.187176 -0.00840793 -0.0222983 0.999716 72.723
0.99539 -0.0955029 0.00883741 -4.88841 0.0952968 0.99522 0.0213695 -0.19249 -0.010836 -0.0204288 0.999733 73.3821
0.995308 -0.0965554 0.00622339 -4.94695 0.096416 0.995145 0.0197623 -0.19972 -0.00810133 -0.0190696 0.999785 74.0142
0.995354 -0.0962581 0.0019908 -4.99498 0.0962248 0.995276 0.0128676 -0.208453 -0.00322 -0.0126162 0.999915 74.6212
0.995451 -0.0952439 -0.0022678 -5.05519 0.0952597 0.995417 0.00836586 -0.215453 0.00146061 -0.00854384 0.999962 75.223
0.99573 -0.0922698 -0.00289391 -5.11765 0.0922963 0.995671 0.0109884 -0.220828 0.00186749 -0.0112085 0.999935 75.8096
0.996102 -0.0882073 -0.0006471 -5.18022 0.0882066 0.99598 0.0156281 -0.217828 -0.000734019 -0.0156243 0.999878 76.3787
0.9965 -0.0835496 0.0026318 -5.22543 0.0835018 0.996397 0.01482 -0.228596 -0.00386052 -0.0145484 0.999887 76.9465
0.996915 -0.0781597 0.00721445 -5.26329 0.078074 0.996881 0.011482 -0.23709 -0.00808938 -0.0108833 0.999908 77.4873
0.997485 -0.0699637 0.0113673 -5.29502 0.06989 0.997532 0.0067612 -0.249352 -0.0118123 -0.00594973 0.999913 78.0268
0.998165 -0.0594758 0.011366 -5.33608 0.0593616 0.998185 0.010132 -0.253901 -0.0119479 -0.00943874 0.999884 78.5323
0.998953 -0.044462 0.0108159 -5.36991 0.044294 0.998901 0.0153102 -0.252421 -0.0114847 -0.0148151 0.999824 79.0328
0.999591 -0.0262454 0.0113409 -5.38894 0.0260102 0.999453 0.020408 -0.24524 -0.0118703 -0.0201047 0.999727 79.5324
0.999913 -0.00447986 0.0123773 -5.37917 0.00423814 0.999801 0.0194869 -0.248592 -0.0124622 -0.0194327 0.999733 80.0088
0.999669 0.0216641 0.0138563 -5.35867 -0.0218824 0.999636 0.0158009 -0.255525 -0.013509 -0.0160989 0.999779 80.4822
0.998579 0.0509346 0.0156944 -5.31895 -0.0511709 0.998577 0.0150377 -0.25753 -0.0149061 -0.0158194 0.999764 80.9349
0.9963 0.0840582 0.017928 -5.27843 -0.0843231 0.996332 0.0145723 -0.255985 -0.0166373 -0.0160301 0.999733 81.3836
0.992398 0.121614 0.0188601 -5.21063 -0.1219 0.992432 0.0148289 -0.256933 -0.016914 -0.0170152 0.999712 81.8407
0.986417 0.163031 0.0200397 -5.1338 -0.163341 0.986456 0.0149446 -0.256022 -0.0173319 -0.0180149 0.999687 82.2606
0.977864 0.208232 0.0205155 -5.03851 -0.20855 0.9779 0.0147751 -0.257272 -0.0169855 -0.0187265 0.99968 82.6776
0.966238 0.256874 0.0199886 -4.90521 -0.257213 0.966209 0.0168003 -0.253388 -0.0149976 -0.0213745 0.999659 83.1028
0.950696 0.309546 0.0189259 -4.77248 -0.309864 0.950627 0.0171272 -0.257619 -0.0126898 -0.0221472 0.999674 83.4799
0.93106 0.36443 0.0178581 -4.57607 -0.364722 0.930954 0.0174003 -0.257245 -0.0102838 -0.022714 0.999689 83.8748
0.906704 0.421411 0.0173494 -4.41037 -0.421685 0.906573 0.0175181 -0.256359 -0.00834622 -0.0231997 0.999696 84.2126
0.877795 0.478753 0.0164702 -4.20018 -0.479 0.877632 0.017939 -0.244419 -0.00586643 -0.023636 0.999703 84.5487
0.844608 0.535188 0.0145471 -3.92872 -0.535373 0.844461 0.016137 -0.258778 -0.00364818 -0.0214176 0.999764 84.9012
0.807848 0.589218 0.0142572 -3.70482 -0.589386 0.807694 0.0159207 -0.259981 -0.00213469 -0.0212645 0.999772 85.1734
0.768045 0.640213 0.0153156 -3.40899 -0.640391 0.767914 0.0144155 -0.273076 -0.0025321 -0.0208797 0.999779 85.4767
0.725265 0.688235 0.0180183 -3.15531 -0.688461 0.725143 0.0137542 -0.26813 -0.00359976 -0.0223804 0.999743 85.7202
0.680135 0.73285 0.018629 -2.86525 -0.733078 0.680028 0.012586 -0.266928 -0.0034446 -0.0222166 0.999747 85.958
0.633215 0.773803 0.0163676 -2.52078 -0.773974 0.633122 0.0110007 -0.271747 -0.00185028 -0.0196339 0.999806 86.1991
0.586608 0.809767 0.012987 -2.21506 -0.80987 0.586561 0.00754847 -0.293695 -0.00150515 -0.0149458 0.999887 86.3658
0.539443 0.841909 0.0138209 -1.87323 -0.842022 0.539364 0.00919209 -0.290318 0.000284423 -0.0165961 0.999862 86.5682
0.492474 0.870168 0.0166272 -1.56291 -0.870325 0.492341 0.0116031 -0.287126 0.00191039 -0.0201853 0.999794 86.7147
0.446781 0.894475 0.0173531 -1.22651 -0.894634 0.446604 0.0131914 -0.293406 0.00404939 -0.0214183 0.999762 86.8667
0.403797 0.914778 0.0113289 -0.852563 -0.914831 0.403681 0.0112438 -0.288363 0.00571232 -0.0149043 0.999873 87.0154
0.364307 0.931279 0.000558235 -0.505694 -0.931276 0.364304 0.00279719 -0.31787 0.00240159 -0.00153891 0.999996 87.089
0.328751 0.944409 -0.00389874 -0.148374 -0.944417 0.328748 -0.00141126 -0.319435 -5.11006e-05 0.00414598 0.999991 87.1773
0.295016 0.955491 -0.00170123 0.232556 -0.955489 0.295019 0.00190751 -0.329745 0.0023245 0.00106276 0.999997 87.2957
0.264287 0.96442 0.00684799 0.581531 -0.964414 0.264216 0.00973978 -0.32261 0.00758388 -0.0091784 0.999929 87.4006
0.235659 0.971767 0.0115955 0.962089 -0.971774 0.235492 0.0140953 -0.324857 0.0109667 -0.0145899 0.999833 87.4945
0.209559 0.97774 0.0104611 1.36542 -0.977709 0.209386 0.0155709 -0.337173 0.0130339 -0.0134909 0.999824 87.5727
0.186296 0.982488 0.00332402 1.75947 -0.982372 0.186218 0.0163871 -0.344978 0.0154811 -0.00631827 0.99986 87.6289
0.165473 0.986207 -0.00392035 2.16211 -0.985958 0.165519 0.0221322 -0.355295 0.0224758 0.000203033 0.999747 87.6813
0.145617 0.989323 -0.00601093 2.58997 -0.988892 0.145731 0.0292332 -0.345048 0.029797 0.00168731 0.999555 87.7363
0.128024 0.991766 -0.00312119 3.03015 -0.991305 0.12806 0.0302572 -0.354229 0.0304077 -0.000779591 0.999537 87.7939
0.112498 0.993651 -0.0011543 3.47531 -0.993317 0.11249 0.0258215 -0.367018 0.0257874 -0.00175829 0.999666 87.8496
0.0977584 0.99521 -0.000345405 3.95188 -0.994962 0.0977418 0.0223117 -0.389232 0.0222386 -0.0018375 0.999751 87.8884
0.084687 0.996405 -0.00209646 4.42756 -0.996209 0.0847119 0.019781 -0.401271 0.0198875 0.000413318 0.999802 87.9251
0.0726889 0.997336 -0.00616927 4.93631 -0.997175 0.0727918 0.0185208 -0.416816 0.0189205 0.00480559 0.999809 87.9584
0.0622914 0.99802 -0.00866345 5.45609 -0.997868 0.0624467 0.018985 -0.429385 0.0194884 0.00746237 0.999782 87.983
0.0538629 0.998494 -0.0103925 5.98277 -0.998347 0.0540583 0.0195393 -0.445826 0.0200717 0.00932287 0.999755 88.0038
0.0478217 0.998781 -0.0122245 6.53207 -0.998646 0.0480588 0.0199014 -0.456201 0.0204647 0.0112562 0.999727 88.0292
0.0420929 0.999031 -0.0128198 7.09713 -0.99889 0.0423514 0.0206038 -0.468663 0.0211268 0.0119383 0.999706 88.0569
0.0361295 0.999266 -0.012767 7.68488 -0.999106 0.0363982 0.0214816 -0.478196 0.0219306 0.0119795 0.999688 88.0808
0.0317784 0.999391 -0.014436 8.28577 -0.999255 0.0320839 0.0214506 -0.493264 0.0219007 0.0137436 0.999666 88.0971
0.0287718 0.999466 -0.0154723 8.90336 -0.999352 0.0290968 0.0212074 -0.511364 0.0216462 0.0148521 0.999655 88.1217
0.0258574 0.999526 -0.0166869 9.53115 -0.999442 0.0262008 0.0206975 -0.527359 0.0211249 0.0161424 0.999647 88.14
0.0237668 0.999554 -0.0180552 10.1929 -0.999499 0.0241349 0.0204533 -0.539967 0.0208799 0.0175601 0.999628 88.1521
0.0231431 0.999511 -0.0210367 10.8677 -0.999521 0.0235653 0.0200486 -0.559913 0.0205345 0.0205627 0.999578 88.1652
0.0243119 0.999401 -0.02463 11.5601 -0.999503 0.0247945 0.019481 -0.575851 0.02008 0.0241441 0.999507 88.1763
0.0271492 0.99928 -0.0265087 12.2731 -0.999427 0.0276698 0.0194774 -0.590758 0.0201968 0.0259647 0.999459 88.1911
0.0311986 0.99913 -0.0276693 13.0049 -0.999305 0.0317454 0.0195481 -0.60797 0.0204094 0.0270401 0.999426 88.2157
0.0356486 0.998952 -0.0287022 13.7571 -0.999159 0.0362092 0.0192512 -0.625384 0.0202703 0.0279918 0.999403 88.2447
0.0400854 0.998742 -0.0301292 14.516 -0.999017 0.0406312 0.0177263 -0.643528 0.0189281 0.029389 0.999389 88.2751
0.0443567 0.998526 -0.0312653 15.2977 -0.99886 0.0448807 0.0162616 -0.662711 0.0176409 0.0305083 0.999379 88.3148
0.0487072 0.998372 -0.0296812 16.089 -0.99869 0.0491461 0.0142406 -0.680531 0.0156761 0.0289487 0.999458 88.3546
0.0528558 0.998222 -0.0275544 16.8743 -0.998497 0.0532314 0.013082 -0.692633 0.0145255 0.0268215 0.999535 88.4015
0.0566388 0.998109 -0.0238707 17.6796 -0.998278 0.0569818 0.0139398 -0.711025 0.0152736 0.02304 0.999618 88.4519
0.0595813 0.997954 -0.0231855 18.4958 -0.998045 0.0599942 0.0175365 -0.735043 0.0188916 0.0220953 0.999577 88.5084
0.0610734 0.997978 -0.0176208 19.3098 -0.997851 0.0614665 0.0227064 -0.749277 0.0237436 0.0161962 0.999587 88.5718
0.0609109 0.998048 -0.0138204 20.129 -0.997794 0.0612499 0.0255965 -0.773478 0.026393 0.0122308 0.999577 88.6302
0.0609025 0.99807 -0.0121134 20.9509 -0.997805 0.0611937 0.0253255 -0.795547 0.0260178 0.0105444 0.999606 88.6967
0.0610291 0.998078 -0.0107837 21.7803 -0.997841 0.0612703 0.0236687 -0.825162 0.0242839 0.00931595 0.999662 88.7532
0.0610351 0.998088 -0.00973169 22.6044 -0.997878 0.0612378 0.0221075 -0.859496 0.0226612 0.00836171 0.999708 88.8028
0.061348 0.99808 -0.00852378 23.4217 -0.997871 0.0615199 0.0216295 -0.884448 0.0221124 0.00717871 0.99973 88.8605
0.0616887 0.998071 -0.00699652 24.2394 -0.997852 0.0618268 0.0216332 -0.912159 0.022024 0.00564697 0.999741 88.9171
0.0618693 0.998067 -0.00589358 25.0681 -0.997832 0.0619853 0.0221077 -0.93892 0.0224303 0.00451302 0.999738 88.9716
0.0608317 0.998145 -0.00243211 25.8894 -0.997876 0.0608718 0.0231836 -0.971686 0.0232886 0.00101664 0.999728 89.041
0.0583161 0.998298 -0.000188155 26.7064 -0.998037 0.0583052 0.0228489 -0.995812 0.022821 -0.00114467 0.999739 89.1017
0.0546127 0.998506 0.00181339 27.5139 -0.998278 0.0545612 0.0215258 -1.02148 0.0213947 -0.00298585 0.999767 89.1552
0.0499904 0.998747 0.00233065 28.3311 -0.998569 0.0499369 0.0191145 -1.04915 0.0189742 -0.00328286 0.999815 89.2097
0.0438944 0.999024 0.00500316 29.1572 -0.998892 0.0438026 0.0171904 -1.06874 0.0169545 -0.00575219 0.99984 89.2612
0.036235 0.999327 0.00571722 29.9845 -0.999204 0.0361338 0.0169171 -1.10087 0.0166991 -0.00632566 0.999841 89.2977
0.0273193 0.999609 0.00602748 30.794 -0.999474 0.0272092 0.0176489 -1.11832 0.017478 -0.00650646 0.999826 89.3336
0.0175674 0.999824 0.00659756 31.6046 -0.999689 0.0174476 0.0177992 -1.14722 0.0176809 -0.0069082 0.99982 89.3509
0.00763453 0.999955 0.00564163 32.4072 -0.999826 0.0075374 0.0170431 -1.16806 0.0169998 -0.00577076 0.999839 89.3549
-0.00281847 0.999979 0.00587093 33.2065 -0.999867 -0.00291248 0.0160657 -1.19414 0.0160825 -0.00582487 0.999854 89.354
-0.0136688 0.999892 0.00537896 34.0022 -0.999792 -0.0137484 0.0150359 -1.21679 0.0151083 -0.00517232 0.999872 89.3445
-0.0244185 0.999686 0.005686 34.7825 -0.999583 -0.0245028 0.0152751 -1.24109 0.0154096 -0.00531064 0.999867 89.3261
-0.0355013 0.999356 0.00519767 35.5656 -0.999247 -0.0355781 0.0154997 -1.26422 0.0156746 -0.0046435 0.999866 89.3006
-0.0466824 0.9989 0.00449745 36.3426 -0.998774 -0.0467497 0.0162498 -1.28739 0.0164421 -0.00373336 0.999858 89.2696
-0.0569995 0.998363 0.00467752 37.118 -0.998226 -0.0570712 0.0169913 -1.30811 0.0172304 -0.00370073 0.999845 89.2282
-0.0667728 0.997757 0.00483045 37.8861 -0.99761 -0.0668477 0.0175068 -1.32994 0.0177904 -0.00364993 0.999835 89.1722
-0.0764298 0.997066 0.00431004 38.6297 -0.99691 -0.0764951 0.0178614 -1.35328 0.0181386 -0.00293159 0.999831 89.1207
-0.0860748 0.996285 0.00268412 39.3802 -0.996123 -0.0861094 0.018018 -1.37661 0.0181822 -0.00112281 0.999834 89.0687
-0.0951655 0.99546 0.00169953 40.1243 -0.995306 -0.0951807 0.0175217 -1.4035 0.0176039 -2.40883e-05 0.999845 88.9932
-0.102623 0.99472 0.000845329 40.8635 -0.994585 -0.102623 0.0164364 -1.42583 0.0164364 0.000845994 0.999865 88.9137
-0.108085 0.994139 -0.00210323 41.59 -0.994035 -0.108042 0.0149037 -1.44932 0.0145891 0.00370155 0.999887 88.839
-0.112261 0.993665 -0.00525314 42.3039 -0.993597 -0.112182 0.0134519 -1.47304 0.0127774 0.00672962 0.999896 88.757
-0.115395 0.993296 -0.00689107 43.0096 -0.993256 -0.115307 0.0121361 -1.48992 0.0112602 0.00824505 0.999903 88.6737
-0.11725 0.993066 -0.008504 43.6928 -0.993047 -0.117149 0.0115547 -1.50831 0.0104784 0.00979966 0.999897 88.5935
-0.117807 0.993007 -0.00767498 44.3643 -0.992979 -0.117714 0.0117073 -1.52731 0.010722 0.00900029 0.999902 88.5126
-0.11708 0.993084 -0.00879557 45.0181 -0.993058 -0.116967 0.0124255 -1.5443 0.0113108 0.0101893 0.999884 88.4417
-0.114337 0.993405 -0.00855733 45.6569 -0.993362 -0.114214 0.0136692 -1.56532 0.0126017 0.0100634 0.99987 88.3697
-0.108931 0.994008 -0.00908519 46.2857 -0.993956 -0.108791 0.0147186 -1.57928 0.013642 0.0106336 0.99985 88.2964
-0.101247 0.994819 -0.00917902 46.8968 -0.994761 -0.101101 0.01516 -1.59563 0.0141535 0.0106658 0.999843 88.2456
-0.0899009 0.99592 -0.00783632 47.4817 -0.995846 -0.0897746 0.0152039 -1.60898 0.0144383 0.00917061 0.999854 88.1986
-0.0764059 0.99705 -0.00724766 48.0566 -0.996966 -0.076287 0.0154739 -1.63128 0.0148754 0.00840797 0.999854 88.1588
-0.0589232 0.998239 -0.00680459 48.5949 -0.998125 -0.0588007 0.0169848 -1.64577 0.0165548 0.00779263 0.999833 88.1343
-0.0376862 0.999275 -0.00543975 49.1295 -0.999105 -0.0375741 0.0194136 -1.66514 0.0191951 0.00616651 0.999797 88.1306
-0.0128535 0.999908 -0.00438646 49.6618 -0.999668 -0.0127523 0.0223727 -1.68558 0.0223147 0.00467257 0.99974 88.1364
0.0153317 0.999879 -0.00258109 50.1797 -0.999593 0.0153893 0.0240123 -1.70133 0.0240491 0.00221189 0.999708 88.16
0.0481669 0.998839 -0.0012586 50.7078 -0.998549 0.0481832 0.0240556 -1.72115 0.0240883 9.8087e-05 0.99971 88.2037
0.0860568 0.996289 -0.00151875 51.2358 -0.996037 0.0860692 0.0223951 -1.73121 0.0224428 -0.000414517 0.999748 88.2622
0.128043 0.991769 -0.000366623 51.7379 -0.991592 0.128027 0.0188177 -1.74771 0.0187097 -0.00204593 0.999823 88.344
0.172523 0.985004 0.00175118 52.2431 -0.984899 0.172478 0.0150012 -1.76697 0.0144742 -0.0043128 0.999886 88.4658
0.220549 0.975359 0.00570272 52.7469 -0.975318 0.220469 0.0121567 -1.78477 0.0105998 -0.00824311 0.99991 88.6031
0.27164 0.962365 0.00807494 53.2145 -0.962362 0.271547 0.011031 -1.79407 0.00842311 -0.0107675 0.999907 88.755
0.325611 0.945468 0.00822963 53.6783 -0.945471 0.325515 0.0111468 -1.79881 0.00786006 -0.0114104 0.999904 88.9596
0.383139 0.923677 0.00502297 54.128 -0.923647 0.383062 0.0118219 -1.82024 0.00899554 -0.0091689 0.999918 89.1669
0.442897 0.896572 0.00118658 54.528 -0.896481 0.442833 0.0148792 -1.8282 0.0128149 -0.00765372 0.999889 89.3712
0.50181 0.864969 -0.00381196 54.9343 -0.86479 0.501788 0.0186231 -1.84541 0.0180212 -0.00604871 0.999819 89.6392
0.560083 0.828422 -0.00485279 55.2995 -0.828151 0.560035 0.0229522 -1.84986 0.0217318 -0.00883629 0.999725 89.9144
0.615391 0.788203 -0.00551176 55.6587 -0.787858 0.615304 0.0260778 -1.85461 0.023946 -0.0117055 0.999645 90.2486
0.668394 0.743772 -0.00728454 55.9849 -0.74338 0.668309 0.0273759 -1.86749 0.0252297 -0.0128827 0.999599 90.5814
0.71779 0.6962 -0.0090758 56.2808 -0.695819 0.717739 0.0261997 -1.87692 0.0247543 -0.0124908 0.999616 90.9019
0.763394 0.645907 -0.00570806 56.5771 -0.645654 0.763295 0.0226395 -1.90324 0.01898 -0.0135975 0.999727 91.3022
0.805164 0.593048 -0.00230274 56.8388 -0.592922 0.805063 0.0177891 -1.90738 0.0124036 -0.0129578 0.999839 91.6954
0.84236 0.538908 0.00283515 57.0563 -0.538885 0.842244 0.0150761 -1.92235 0.00573672 -0.0142273 0.999882 92.0793
0.874057 0.485762 0.00774443 57.2689 -0.485823 0.873967 0.012537 -1.92122 -0.000678402 -0.0147204 0.999891 92.518
0.900289 0.4351 0.0129527 57.4479 -0.435245 0.900232 0.012013 -1.93477 -0.00643353 -0.0164528 0.999844 92.9617
0.921265 0.388572 0.0168421 57.6068 -0.388804 0.921218 0.0137769 -1.94847 -0.0101619 -0.0192405 0.999763 93.3815
0.937173 0.34829 0.0200286 57.7454 -0.348657 0.937052 0.0192712 -1.93887 -0.0120559 -0.0250436 0.999614 93.8536
0.94948 0.313172 0.0202694 57.8654 -0.31361 0.949244 0.0241765 -1.93854 -0.0116693 -0.0293118 0.999502 94.3111
0.95923 0.282001 0.0188003 57.9846 -0.282428 0.958927 0.0263172 -1.91782 -0.0106067 -0.030554 0.999477 94.7817
0.965557 0.259567 0.0180064 58.12 -0.259925 0.965387 0.0216143 -1.93466 -0.0117728 -0.0255502 0.999604 95.2584
0.969685 0.243753 0.0171708 58.2446 -0.244051 0.969593 0.0181363 -1.9375 -0.0122279 -0.0217771 0.999688 95.7341
0.972812 0.230959 0.0171545 58.3474 -0.231301 0.972641 0.0216821 -1.93178 -0.0116775 -0.0250605 0.999618 96.245
0.975 0.221461 0.0181715 58.4367 -0.221899 0.974686 0.0273426 -1.92072 -0.0116562 -0.0306913 0.999461 96.7469
0.976457 0.214949 0.0181042 58.5439 -0.215457 0.975935 0.0336062 -1.91509 -0.0104449 -0.0367157 0.999271 97.2685
0.977111 0.212136 0.015871 58.639 -0.212618 0.97629 0.0406449 -1.90847 -0.00687247 -0.043089 0.999048 97.7787
0.977301 0.211403 0.0138097 58.7438 -0.211801 0.976433 0.0414598 -1.91485 -0.00471956 -0.0434437 0.999045 98.3063
0.976838 0.213743 0.0101137 58.867 -0.213978 0.976035 0.0396191 -1.91194 -0.00140305 -0.0408656 0.999164 98.8472
0.975953 0.217947 0.00388276 58.9986 -0.217927 0.975151 0.0398581 -1.91686 0.00490067 -0.0397458 0.999198 99.4069
0.975015 0.22214 -0.000226517 59.1253 -0.221939 0.974178 0.0414827 -1.92063 0.00943563 -0.040396 0.999139 99.9674
0.974008 0.226512 0.00088318 59.2524 -0.226329 0.973048 0.0441936 -1.92354 0.009151 -0.0432448 0.999023 100.55
0.972743 0.23183 0.00509179 59.3789 -0.231812 0.97165 0.0464659 -1.92333 0.00582474 -0.0463798 0.998907 101.144
0.971626 0.236334 0.00939914 59.5263 -0.236516 0.970594 0.0448131 -1.9321 0.00146812 -0.0457647 0.998951 101.753
0.970588 0.240316 0.0143795 59.6812 -0.24071 0.969735 0.0409052 -1.93493 -0.00411411 -0.0431634 0.99906 102.363
0.969703 0.243576 0.0186275 59.8356 -0.244125 0.969014 0.0376096 -1.9396 -0.0088895 -0.0410176 0.999119 102.988
0.968967 0.246501 0.0184437 60.0047 -0.247 0.968449 0.0331193 -1.93728 -0.00969783 -0.0366471 0.999281 103.626
0.968792 0.247426 0.0149305 60.1693 -0.247781 0.968328 0.0307324 -1.93128 -0.00685364 -0.0334728 0.999416 104.262
0.968944 0.247162 0.00768096 60.3339 -0.247281 0.968483 0.0298798 -1.93904 -5.37323e-05 -0.0308512 0.999524 104.926
0.969163 0.246416 0.0016697 60.4994 -0.246331 0.9686 0.0336806 -1.9344 0.00668216 -0.0330533 0.999431 105.588
0.969721 0.24421 -0.00145875 60.6508 -0.24399 0.969069 0.0370581 -1.94301 0.0104636 -0.0355801 0.999312 106.257
0.970359 0.241659 0.00212591 60.8247 -0.241575 0.969706 0.03622 -1.94086 0.00669138 -0.03566 0.999342 106.949
0.970701 0.240146 0.00829113 61.0043 -0.240288 0.970228 0.0303022 -1.95317 -0.000767328 -0.0314066 0.999506 107.66
0.971335 0.237334 0.0134246 61.1736 -0.237625 0.970964 0.0276088 -1.95473 -0.00648226 -0.0300074 0.999529 108.386
0.971754 0.235597 0.0137415 61.3413 -0.235918 0.971291 0.0306206 -1.95989 -0.00613285 -0.0329975 0.999437 109.11
0.972243 0.233715 0.0110125 61.5025 -0.233967 0.971511 0.0377628 -1.95696 -0.00187302 -0.0392912 0.999226 109.842
0.973136 0.230152 0.00594813 61.6749 -0.230204 0.972325 0.0398807 -1.96523 0.00339512 -0.0401787 0.999187 110.589
0.974066 0.226244 0.00289891 61.8507 -0.226176 0.973253 0.0402792 -1.96273 0.00629156 -0.0398902 0.999184 111.349
0.974916 0.222548 0.0033163 62.0268 -0.222514 0.974203 0.0376213 -1.96727 0.0051418 -0.0374155 0.999287 112.118
0.975701 0.219058 0.00456088 62.2083 -0.219085 0.975117 0.0338912 -1.98367 0.00297676 -0.0340669 0.999415 112.922
0.976199 0.216784 0.00639411 62.387 -0.216878 0.975689 0.0315342 -1.98562 0.000597468 -0.0321704 0.999482 113.709
0.976422 0.215709 0.00837721 62.5609 -0.215864 0.975984 0.0292998 -1.98772 -0.00185577 -0.0304173 0.999536 114.501
0.976528 0.215202 0.00901706 62.746 -0.215364 0.976214 0.0250071 -1.99855 -0.003421 -0.0263621 0.999647 115.311
0.976619 0.214724 0.0104078 62.9124 -0.214921 0.976316 0.0248229 -1.99412 -0.0048312 -0.0264794 0.999638 116.12
0.976586 0.214892 0.0100997 63.0857 -0.215102 0.976131 0.029995 -1.99722 -0.00341298 -0.0314651 0.999499 116.943
0.976393 0.215845 0.00817752 63.2455 -0.216 0.975741 0.0356794 -1.99794 -0.000277902 -0.0366035 0.99933 117.757
0.976183 0.216768 0.00885437 63.4079 -0.216945 0.975121 0.0455475 -2.00694 0.00123916 -0.0463836 0.998923 118.592
0.975589 0.219334 0.010888 63.581 -0.219603 0.974226 0.0515661 -2.01413 0.000702848 -0.0526983 0.99861 119.435
0.97493 0.222129 0.0130523 63.7594 -0.222509 0.973526 0.0523097 -2.01319 -0.00108724 -0.0539026 0.998546 120.273
0.974276 0.224997 0.0127729 63.9386 -0.22536 0.972748 0.0545364 -2.01629 -0.00015426 -0.056012 0.99843 121.102
0.973863 0.226885 0.0107058 64.1241 -0.227129 0.972355 0.0542016 -2.0265 0.00188766 -0.0552165 0.998473 121.944
0.973458 0.228642 0.010059 64.3276 -0.22886 0.972264 0.0482313 -2.03337 0.00124771 -0.0492533 0.998786 122.787
0.973455 0.228721 0.00845859 64.5359 -0.228873 0.972531 0.0424434 -2.04737 0.00148147 -0.0432527 0.999063 123.625
0.973171 0.229953 0.00778824 64.7382 -0.230079 0.972359 0.0397735 -2.06681 0.00157306 -0.0404983 0.999178 124.47
0.972762 0.231553 0.0108143 64.9337 -0.231804 0.971861 0.0418774 -2.06944 -0.000813119 -0.0432435 0.999064 125.307
0.972462 0.232454 0.0167974 65.1208 -0.232981 0.971487 0.0439621 -2.0649 -0.00609928 -0.046665 0.998892 126.157
0.972223 0.233125 0.0208529 65.3106 -0.233869 0.971142 0.0467911 -2.05989 -0.009343 -0.0503682 0.998687 127.001
0.971935 0.23472 0.0157639 65.4995 -0.235206 0.970845 0.0462361 -2.07412 -0.00445178 -0.0486462 0.998806 127.818
0.97193 0.235266 0.00119864 65.6991 -0.235097 0.97101 0.0432302 -2.08844 0.00900673 -0.0422986 0.999064 128.63
0.971987 0.234884 -0.00841816 65.9022 -0.234358 0.971283 0.0410484 -2.11661 0.017818 -0.0379257 0.999122 129.448
0.972218 0.234076 -0.00114786 66.1015 -0.233861 0.971514 0.0383244 -2.11384 0.010086 -0.0369912 0.999265 130.284
0.972428 0.232615 0.0165556 66.2997 -0.233037 0.971967 0.0312203 -2.11115 -0.00882922 -0.0342176 0.999375 131.126
0.972424 0.231216 0.0305086 66.5086 -0.231945 0.972458 0.0229623 -2.11271 -0.024359 -0.0294054 0.999271 131.967
0.972747 0.230165 0.0280553 66.6919 -0.230935 0.972559 0.0282524 -2.11772 -0.0207827 -0.0339613 0.999207 132.774
0.973252 0.229204 0.0156828 66.8627 -0.229657 0.972465 0.0396124 -2.13254 -0.00617167 -0.0421545 0.999092 133.572
0.973549 0.228387 0.00650036 67.0465 -0.22846 0.972709 0.0405463 -2.11617 0.00293729 -0.0409589 0.999157 134.377
0.974036 0.226347 0.00453608 67.2348 -0.226361 0.973372 0.0361736 -2.13074 0.00377249 -0.0362612 0.999335 135.187
0.974646 0.223689 0.0053076 67.4225 -0.223739 0.974058 0.0339317 -2.14866 0.00242023 -0.0342589 0.99941 135.998
0.975491 0.219978 0.00523771 67.5959 -0.220024 0.974856 0.0352769 -2.15903 0.00265413 -0.0355647 0.999364 136.803
0.976528 0.215356 0.00389014 67.7709 -0.21535 0.975832 0.0370972 -2.16501 0.00419298 -0.0370642 0.999304 137.613
0.977215 0.212216 0.00379159 67.9421 -0.212196 0.976408 0.0399993 -2.18256 0.00478635 -0.0398925 0.999193 138.418
0.977704 0.209932 0.00481932 68.0966 -0.209927 0.976619 0.0463293 -2.18792 0.00501935 -0.0463081 0.998915 139.224
0.978043 0.208286 0.00696242 68.256 -0.208381 0.976912 0.0471219 -2.19895 0.00301316 -0.0475381 0.998865 140.025
0.978278 0.20702 0.0106908 68.4244 -0.207294 0.97721 0.0457223 -2.20422 -0.000981745 -0.0469452 0.998897 140.822
0.978612 0.205423 0.0109946 68.595 -0.205711 0.977597 0.044568 -2.21478 -0.00159296 -0.0458765 0.998946 141.623
0.97915 0.202978 0.00814398 68.7561 -0.20314 0.978209 0.0429069 -2.22468 0.000742625 -0.0436666 0.999046 142.416
0.980049 0.198725 0.00334553 68.9231 -0.198708 0.979324 0.0379413 -2.23902 0.00426353 -0.0378491 0.999274 143.204
0.981387 0.192033 0.00168686 69.0797 -0.191964 0.980711 0.0368314 -2.25232 0.00541853 -0.0364697 0.99932 144.001
0.982633 0.185463 0.00597983 69.233 -0.185558 0.98198 0.0358344 -2.25129 0.000773891 -0.0363217 0.99934 144.787
0.983688 0.179365 0.0136581 69.3702 -0.17972 0.983195 0.0320581 -2.26581 -0.00767845 -0.0339898 0.999393 145.573
0.984272 0.175149 0.0230626 69.5172 -0.175809 0.983948 0.0306222 -2.2736 -0.0173289 -0.0341951 0.999265 146.399
0.984926 0.170958 0.0263352 69.6383 -0.171793 0.98456 0.0335929 -2.26635 -0.0201856 -0.0376107 0.999089 147.181
0.985802 0.166453 0.0220754 69.7606 -0.167179 0.985246 0.0366214 -2.25673 -0.015654 -0.039792 0.999085 147.984
0.987075 0.15974 0.0128481 69.8795 -0.160121 0.986362 0.038099 -2.26179 -0.00658689 -0.0396639 0.999191 148.778
0.988181 0.153167 0.00612412 70.0095 -0.153289 0.987495 0.0368353 -2.25712 -0.000405584 -0.0373387 0.999303 149.555
0.989168 0.14665 0.00640675 70.1322 -0.146785 0.98854 0.0352637 -2.26463 -0.00116191 -0.0358221 0.999358 150.385
0.990244 0.13899 0.00996242 70.2321 -0.139272 0.989518 0.0381822 -2.26211 -0.00455104 -0.0391972 0.999221 151.194
0.991332 0.131065 0.00914274 70.3153 -0.131339 0.990399 0.0431226 -2.26768 -0.00340309 -0.0439496 0.999028 152.001
0.992623 0.12118 0.00388452 70.4026 -0.121228 0.991501 0.0472191 -2.26848 0.0018705 -0.0473416 0.998877 152.816
0.993646 0.112548 0.000894261 70.4981 -0.112467 0.992565 0.0465315 -2.27838 0.00434941 -0.0463364 0.998916 153.639
0.994505 0.104636 0.0034202 70.5792 -0.104682 0.993411 0.0466571 -2.28642 0.00148436 -0.0467588 0.998905 154.465
0.995281 0.0965266 0.00993121 70.6421 -0.0969004 0.994081 0.0491234 -2.28221 -0.00513072 -0.0498539 0.998743 155.289
0.995964 0.0883581 0.0157721 70.7094 -0.0890493 0.994748 0.0504604 -2.29135 -0.0112307 -0.0516612 0.998602 156.133
0.996587 0.0804034 0.0187237 70.7706 -0.0812557 0.995419 0.0503755 -2.29051 -0.0145876 -0.051725 0.998555 156.969
0.997047 0.0740596 0.020303 70.8265 -0.0750068 0.995892 0.0507256 -2.28655 -0.0164629 -0.0520987 0.998506 157.796
0.99738 0.0699223 0.0185398 70.8817 -0.0707837 0.996197 0.050802 -2.28495 -0.0149171 -0.0519813 0.998537 158.62
0.997774 0.0652444 0.0138207 70.9217 -0.0659109 0.996306 0.0550512 -2.28706 -0.0101778 -0.0558396 0.998388 159.456
0.998072 0.0616126 0.00752907 70.9588 -0.0619556 0.996251 0.0603827 -2.28069 -0.00378051 -0.0607327 0.998147 160.271
0.998254 0.0588781 0.00465861 70.9928 -0.0590547 0.996274 0.0628498 -2.2815 -0.000940772 -0.0630152 0.998012 161.085
0.99841 0.055367 0.0105509 71.0339 -0.055929 0.996399 0.0637334 -2.2822 -0.00698417 -0.0642222 0.997911 161.919
0.99841 0.0526422 0.0201739 71.0672 -0.0538573 0.996407 0.065359 -2.27088 -0.0166608 -0.0663415 0.997658 162.75
0.998407 0.0490614 0.0278676 71.0976 -0.0508343 0.996461 0.066943 -2.27058 -0.0244846 -0.068253 0.997368 163.593
0.998711 0.0441631 0.02501 71.1355 -0.0456621 0.996973 0.062928 -2.26251 -0.0221552 -0.0639889 0.997705 164.401
0.999086 0.0397506 0.0157242 71.1798 -0.0405663 0.997634 0.0554976 -2.2756 -0.013481 -0.0560847 0.998335 165.213
0.999402 0.0331774 0.00972141 71.202 -0.0336501 0.998009 0.0533513 -2.25759 -0.00793199 -0.0536465 0.998528 166.023
0.99961 0.0258883 0.0104835 71.2159 -0.0264275 0.998134 0.0550505 -2.24953 -0.00903881 -0.0553061 0.998429 166.848
0.999711 0.0181826 0.0156983 71.2231 -0.0189631 0.998514 0.0510917 -2.2442 -0.014746 -0.0513747 0.998571 167.67
0.999746 0.0109326 0.0196831 71.2398 -0.0118107 0.998914 0.0450653 -2.25271 -0.019169 -0.0452864 0.99879 168.504
0.999726 0.00448069 0.0229768 71.2528 -0.00537163 0.99923 0.0388618 -2.22999 -0.022785 -0.0389746 0.99898 169.356
0.999728 -0.00107241 0.0233163 71.2584 0.000305489 0.99946 0.0328707 -2.2285 -0.0233389 -0.0328547 0.999188 170.189
0.999822 -0.00749297 0.0173214 71.2617 0.00698794 0.999554 0.0290354 -2.23041 -0.0175312 -0.0289092 0.999428 171.029
0.999871 -0.0145448 0.00681434 71.2514 0.0143838 0.999629 0.0231139 -2.21417 -0.007148 -0.0230129 0.99971 171.848
0.999773 -0.0211078 0.0028565 71.2535 0.0210432 0.999558 0.0210191 -2.21078 -0.0032989 -0.0209542 0.999775 172.689
0.999564 -0.0278879 0.00968049 71.2247 0.0277047 0.999444 0.0185681 -2.21255 -0.0101929 -0.0182918 0.999781 173.538
0.999216 -0.0329708 0.0219135 71.1801 0.0324689 0.999211 0.0228807 -2.19875 -0.0226506 -0.0221512 0.999498 174.388
0.998845 -0.0379046 0.0295425 71.1303 0.0370528 0.998896 0.0288665 -2.19569 -0.0306041 -0.0277385 0.999147 175.245
0.998759 -0.04135 0.0277499 71.0936 0.0405362 0.998749 0.0292753 -2.18532 -0.0289258 -0.0281141 0.999186 176.088
0.998928 -0.0429438 0.0172919 71.0612 0.0424035 0.998635 0.0304872 -2.1854 -0.0185776 -0.0297213 0.999386 176.928
0.998926 -0.0458539 0.00664671 70.9933 0.0455449 0.998124 0.040914 -2.16245 -0.00851031 -0.0405674 0.999141 177.767
0.998866 -0.0475062 0.00308225 70.9501 0.0473391 0.998027 0.0412444 -2.15888 -0.00503554 -0.0410518 0.999144 178.612
0.998726 -0.0497773 0.00824705 70.9036 0.0494608 0.998165 0.0349398 -2.16218 -0.00997112 -0.0344874 0.999355 179.472
0.998594 -0.0503085 0.0167051 70.8627 0.049761 0.998258 0.0317145 -2.14837 -0.0182715 -0.0308386 0.999357 180.32
0.998463 -0.0506791 0.0224307 70.8157 0.0499271 0.998211 0.032903 -2.13906 -0.0240581 -0.0317326 0.999207 181.179
0.998395 -0.05229 0.0217376 70.7585 0.0515376 0.998097 0.0338429 -2.13345 -0.0234659 -0.0326683 0.999191 182.036
0.998457 -0.0538787 0.0134284 70.7182 0.0534422 0.99809 0.0309839 -2.12831 -0.0150722 -0.0302185 0.99943 182.87
0.998439 -0.055791 0.00267903 70.6808 0.055705 0.998123 0.0254624 -2.12675 -0.00409457 -0.0252734 0.999672 183.709
0.998329 -0.0577684 -0.00105969 70.6448 0.0577781 0.998185 0.0169649 -2.12984 7.77349e-05 -0.0169977 0.999856 184.557
0.99827 -0.058738 0.0025233 70.5869 0.0586779 0.998087 0.0194977 -2.12891 -0.00366373 -0.0193159 0.999807 185.421
0.998119 -0.0600268 0.012456 70.5273 0.0597555 0.99799 0.0211171 -2.12144 -0.0136985 -0.020333 0.999699 186.28
0.997974 -0.061379 0.0167226 70.4665 0.0610182 0.997909 0.0212938 -2.12575 -0.0179946 -0.0202303 0.999633 187.134
0.997976 -0.0621709 0.0133772 70.4125 0.0618489 0.997814 0.0232674 -2.12355 -0.0147945 -0.0223929 0.99964 187.981
0.998056 -0.061847 0.00768424 70.355 0.0616317 0.997769 0.0256522 -2.12655 -0.00925361 -0.0251288 0.999641 188.827
0.99804 -0.0622455 0.00641672 70.2903 0.0620191 0.997597 0.0308992 -2.11678 -0.00832464 -0.0304407 0.999502 189.666
0.997996 -0.0626511 0.00889624 70.2248 0.0623193 0.997489 0.0336531 -2.11857 -0.0109823 -0.0330313 0.999394 190.5
0.99791 -0.0635682 0.0115786 70.1605 0.0630663 0.997227 0.0395019 -2.11291 -0.0140575 -0.0386892 0.999152 191.34
0.997862 -0.0638391 0.0140169 70.1021 0.0631883 0.997084 0.042792 -2.11278 -0.0167078 -0.0418148 0.998986 192.189
0.997816 -0.0645481 0.0140164 70.0373 0.0638811 0.996999 0.0437229 -2.11113 -0.0167966 -0.042732 0.998945 193.008
0.997832 -0.0649282 0.0107445 69.9833 0.0644094 0.996992 0.0431046 -2.11557 -0.0135109 -0.0423191 0.999013 193.835
0.997819 -0.0657355 0.00594752 69.9199 0.0653987 0.996822 0.0454773 -2.11727 -0.00891809 -0.0449891 0.998948 194.638
0.997719 -0.0672439 0.005904 69.859 0.0668917 0.996641 0.0472456 -2.11924 -0.00906115 -0.046743 0.998866 195.454
