0.999969 -0.00737475 -0.00284998 1.37469 0.00736677 0.999969 -0.00280115 0.0030313 0.00287055 0.00278007 0.999992 0.0274514
0.999922 -0.0119711 -0.00352697 2.08591 0.0119628 0.999926 -0.00234981 0.0119151 0.00355484 0.00230743 0.999991 0.0341467
0.999848 -0.0169923 -0.00401613 2.81251 0.0169878 0.999855 -0.00116299 0.0274163 0.00403531 0.00109459 0.999991 0.0385674
0.999754 -0.0218012 -0.00399567 3.55141 0.0217918 0.99976 -0.00238136 0.0442235 0.00404662 0.0022937 0.999989 0.0472055
0.999678 -0.0248237 -0.00528669 4.31233 0.0248183 0.999691 -0.00109584 0.0751656 0.00531226 0.000964281 0.999985 0.0562467
0.999557 -0.0290724 -0.00638001 5.0809 0.0290878 0.999574 0.00232663 0.104014 0.00630966 -0.00251118 0.999977 0.0681926
0.999435 -0.0332164 -0.00520288 5.87585 0.0332379 0.999439 0.00409481 0.135187 0.00506394 -0.00426543 0.999978 0.0754638
0.999258 -0.0384267 -0.00268694 6.68319 0.0384369 0.999254 0.00382992 0.169443 0.00253776 -0.00393035 0.999989 0.0827516
0.999144 -0.0413745 0.000132857 7.49046 0.0413739 0.99914 0.00285949 0.201265 -0.000251053 -0.00285155 0.999996 0.0953724
0.999065 -0.0432347 -0.000273197 8.3082 0.0432354 0.999058 0.00383976 0.253292 0.000106929 -0.00384798 0.999993 0.103002
0.998911 -0.0466586 -0.000873249 9.12673 0.0466618 0.998902 0.00406202 0.288919 0.000682762 -0.00409834 0.999991 0.109013
0.998804 -0.0488885 -0.00116637 9.97823 0.0488903 0.998803 0.00159887 0.333838 0.00108681 -0.00165398 0.999998 0.119054
0.998668 -0.0515981 -0.00056869 10.8121 0.0515987 0.998667 0.00115387 0.374081 0.000508395 -0.00118168 0.999999 0.124641
0.998627 -0.0523711 -0.00116095 11.6718 0.0523698 0.998627 -0.00118296 0.429756 0.00122131 0.00112054 0.999999 0.135476
0.99852 -0.0542877 -0.00314995 12.5288 0.054291 0.998525 0.000977122 0.480497 0.00309226 -0.00114669 0.999995 0.143531
0.998378 -0.0565875 -0.00624643 13.4 0.0566036 0.998394 0.00242056 0.526978 0.00609943 -0.00277021 0.999978 0.157241
0.998275 -0.0581879 -0.00777087 14.2799 0.0582373 0.998283 0.00628384 0.592275 0.00739188 -0.00672556 0.99995 0.163717
0.998224 -0.059055 -0.00789156 15.1603 0.0591137 0.998224 0.00742651 0.65092 0.00743897 -0.00787981 0.999941 0.175342
0.998141 -0.0606189 -0.00631347 16.0533 0.0606618 0.998135 0.00683952 0.70912 0.00588709 -0.00720979 0.999957 0.191172
0.9981 -0.0614202 -0.00499184 16.9499 0.0614517 0.998089 0.00643499 0.768424 0.00458707 -0.00672952 0.999967 0.202998
0.998016 -0.0627862 -0.00465539 17.8645 0.0628168 0.998002 0.00674555 0.825709 0.00422257 -0.0070246 0.999966 0.221531
0.997986 -0.063164 -0.00586005 18.773 0.0632029 0.997978 0.0067187 0.898256 0.00542382 -0.00707554 0.99996 0.229228
0.997898 -0.0645338 -0.00584564 19.68 0.0645658 0.997898 0.00546301 0.954321 0.00548081 -0.00582896 0.999968 0.246832
0.997804 -0.0661138 -0.00406704 20.6093 0.0661349 0.997797 0.00528331 1.01594 0.00370878 -0.00554068 0.999978 0.260486
0.997912 -0.0645787 -0.000679379 21.5434 0.0645817 0.997893 0.00623983 1.08451 0.000274988 -0.00627068 0.99998 0.268444
0.997905 -0.0646215 0.0029466 22.4881 0.0646 0.997888 0.00688072 1.14545 -0.00338501 -0.00667596 0.999972 0.280033
0.997958 -0.0635978 0.00596079 23.4301 0.0635626 0.99796 0.00591884 1.20794 -0.00632506 -0.00552787 0.999965 0.285633
0.998094 -0.0613089 0.00705964 24.3639 0.0612732 0.998108 0.00516794 1.27075 -0.00736312 -0.00472552 0.999962 0.290425
0.998238 -0.0592173 0.00372006 25.3221 0.0591944 0.998229 0.00598401 1.33545 -0.00406783 -0.00575326 0.999975 0.296054
0.998309 -0.058132 -0.000588023 26.259 0.0581348 0.998282 0.00736211 1.393 0.000159038 -0.00738385 0.999973 0.299246
0.998352 -0.0572579 -0.00383706 27.2289 0.0572824 0.998336 0.00662375 1.44988 0.00345141 -0.00683263 0.999971 0.306296
0.998438 -0.0557805 -0.00302732 28.1923 0.0557929 0.998434 0.00417607 1.51114 0.00278964 -0.00433845 0.999987 0.317039
0.998452 -0.0555742 0.00239777 29.1745 0.0555707 0.998454 0.00151098 1.56101 -0.00247803 -0.0013754 0.999996 0.3266
0.998373 -0.0567142 0.00585861 30.1364 0.0567316 0.998385 -0.00285099 1.61641 -0.00568746 0.00317872 0.999979 0.334536
0.998351 -0.0571083 0.00582245 31.1298 0.0571683 0.998307 -0.0107156 1.66354 -0.00520065 0.0110307 0.999926 0.345721
0.998313 -0.0580199 0.00197468 32.0973 0.0580397 0.998241 -0.0121302 1.72273 -0.00126741 0.0122243 0.999924 0.351484
0.998254 -0.059023 -0.00206749 33.0574 0.0589931 0.998182 -0.0123697 1.77895 0.00279383 0.0122261 0.999921 0.358585
0.998148 -0.0607662 -0.00294438 34.0576 0.0607273 0.998084 -0.0118536 1.84582 0.00365904 0.0116529 0.999925 0.364556
0.998104 -0.0615283 -0.00133532 35.0612 0.0615053 0.998019 -0.0132121 1.91149 0.0021456 0.0131049 0.999912 0.38251
0.998007 -0.0630878 0.00107641 36.0666 0.0630957 0.997948 -0.0108515 1.97862 -0.000389601 0.0108978 0.999941 0.387463
0.997946 -0.064009 0.00264198 37.0701 0.0640311 0.997904 -0.00933811 2.05086 -0.00203872 0.0094881 0.999953 0.401035
0.997838 -0.0655403 0.00482753 38.0681 0.0655836 0.997802 -0.00943222 2.11973 -0.00419874 0.00972844 0.999944 0.40757
0.99785 -0.0650337 0.00816037 39.056 0.0651084 0.997835 -0.00924392 2.18902 -0.00754154 0.00975536 0.999924 0.423963
0.997788 -0.0657498 0.00980915 40.0807 0.0657945 0.997824 -0.00430465 2.2689 -0.00950477 0.00494051 0.999943 0.418303
0.997768 -0.0661129 0.00936124 41.0534 0.0661458 0.997805 -0.00324619 2.33851 -0.00912608 0.00385815 0.999951 0.42906
0.997773 -0.0662269 0.00788156 42.0404 0.0662606 0.997794 -0.0040913 2.40643 -0.00759322 0.00460443 0.999961 0.432743
0.997795 -0.0661806 0.00503256 43.0457 0.0661851 0.997807 -0.000746297 2.47907 -0.00497213 0.00107773 0.999987 0.440209
0.99774 -0.0669903 0.00521332 44.0221 0.0670005 0.997751 -0.00180526 2.55052 -0.00508066 0.00215048 0.999985 0.445063
0.997667 -0.0679689 0.00640492 45.0111 0.0679958 0.997677 -0.004081 2.62103 -0.00611266 0.00450699 0.999971 0.454453
0.997619 -0.0685763 0.007388 46.0131 0.0686062 0.997636 -0.00386815 2.69123 -0.00710527 0.0043658 0.999965 0.461151
0.997553 -0.0697555 0.00473729 46.9794 0.0697645 0.997562 -0.00175475 2.76637 -0.00460334 0.00208095 0.999987 0.477548
0.997559 -0.0698321 -0.000606992 47.9637 0.0698322 0.997559 0.000172968 2.84431 0.000593432 -0.000214933 1 0.479987
0.997508 -0.0705379 -0.00165521 48.934 0.0705385 0.997509 0.000335741 2.91851 0.0016274 -0.00045166 0.999999 0.492021
0.997433 -0.0715913 0.00151354 49.903 0.0715924 0.997434 -0.000730904 2.98633 -0.00145733 0.000837386 0.999999 0.501569
0.997422 -0.0715414 0.00565563 50.8894 0.071565 0.997428 -0.0040938 3.0604 -0.0053482 0.00448799 0.999976 0.518962
0.997335 -0.0726766 0.00632951 51.8474 0.0727078 0.997341 -0.00485176 3.13057 -0.00596007 0.00529903 0.999968 0.52448
0.997336 -0.0727473 0.00538206 52.7989 0.0727907 0.997312 -0.00835027 3.20675 -0.00476013 0.00871979 0.999951 0.534796
0.997388 -0.0721127 0.00419568 53.7707 0.0721553 0.997332 -0.0110651 3.27444 -0.00338655 0.0113389 0.99993 0.550483
0.997305 -0.073198 0.00506649 54.7048 0.0732543 0.997241 -0.0119979 3.34182 -0.00417429 0.0123367 0.999915 0.55636
0.997174 -0.0745166 0.00960304 55.6775 0.0746556 0.997096 -0.0150367 3.40874 -0.00845467 0.0157112 0.999841 0.562089
0.99707 -0.0751003 0.0145352 56.6203 0.0753483 0.997006 -0.0173444 3.47684 -0.0131892 0.0183888 0.999744 0.576779
0.996988 -0.0757481 0.0166556 57.5535 0.0760109 0.996982 -0.0157586 3.552 -0.0154117 0.0169771 0.999737 0.571873
0.996931 -0.0771312 0.0133951 58.5125 0.0773279 0.996895 -0.0148445 3.63513 -0.0122085 0.0158348 0.9998 0.57451
0.996882 -0.078717 0.00549529 59.4048 0.0787791 0.996818 -0.0121913 3.71085 -0.00451814 0.0125862 0.999911 0.578897
0.996825 -0.0796185 3.04375e-05 60.3177 0.0796145 0.99677 -0.010494 3.79139 0.000805176 0.0104631 0.999945 0.593754
0.996724 -0.0808773 -0.000176668 61.2303 0.080875 0.996708 -0.00570111 3.87455 0.000637176 0.00566814 0.999984 0.596539
0.99669 -0.0812702 0.00222875 62.1073 0.0812777 0.996685 -0.00350184 3.95693 -0.00193677 0.0036714 0.999991 0.612812
0.996561 -0.0827726 0.00373197 63.0163 0.0827793 0.996567 -0.00165993 4.04053 -0.00358176 0.00196316 0.999992 0.629018
0.996554 -0.0828682 0.00347609 63.8803 0.0828681 0.996561 0.000172932 4.11669 -0.00347847 0.000115721 0.999994 0.639222
0.996397 -0.0847201 0.00384478 64.7257 0.0847159 0.996404 0.00124779 4.19291 -0.00393667 -0.000917577 0.999992 0.650438
0.996312 -0.0857069 0.00406954 65.5726 0.0856992 0.996319 0.00201969 4.26982 -0.00422766 -0.00166349 0.99999 0.662782
0.996164 -0.0873611 0.00497944 66.3894 0.0873521 0.996176 0.0019924 4.34822 -0.00513445 -0.00154979 0.999986 0.675348
0.996011 -0.0890402 0.00589128 67.1906 0.0890281 0.996027 0.00227477 4.41878 -0.00607042 -0.0017412 0.99998 0.686336
0.99582 -0.0909755 0.00813544 68.0183 0.0909406 0.995846 0.00455744 4.50306 -0.00851626 -0.00379855 0.999957 0.693103
0.995693 -0.0919661 0.0117741 68.7994 0.0919036 0.995751 0.00575139 4.59323 -0.012253 -0.00464454 0.999914 0.697771
0.995512 -0.0936531 0.0135976 69.5683 0.0935587 0.995586 0.00742767 4.66906 -0.0142332 -0.00612216 0.99988 0.702303
0.995492 -0.094375 0.00938709 70.3051 0.0942759 0.995491 0.0104887 4.75346 -0.0103346 -0.00955648 0.999901 0.711156
0.995399 -0.0957993 0.0018189 71.0366 0.0957721 0.995336 0.0115372 4.8275 -0.00291567 -0.0113099 0.999932 0.718457
0.995318 -0.0965667 -0.00417874 71.741 0.0966054 0.995269 0.0103522 4.90191 0.00315929 -0.0107074 0.999938 0.728895
0.995272 -0.0969401 -0.00607157 72.4191 0.0970105 0.995203 0.0126537 4.97464 0.0048158 -0.0131828 0.999902 0.734369
0.995272 -0.0969408 -0.00607521 72.4204 0.0970113 0.995203 0.0126581 4.97478 0.00481898 -0.0131876 0.999901 0.73438
0.995123 -0.0985944 -0.00292568 73.1075 0.098625 0.995034 0.0134323 5.04727 0.0015868 -0.0136554 0.999906 0.746355
0.995016 -0.0997119 -0.000511447 73.7567 0.0997101 0.994932 0.0129435 5.11773 -0.000781771 -0.01293 0.999916 0.765698
0.994937 -0.100451 -0.00316223 74.373 0.100479 0.994886 0.0102803 5.17678 0.00211339 -0.0105459 0.999942 0.779598
0.994927 -0.100322 -0.00739595 74.9848 0.10035 0.994946 0.0034585 5.232 0.0070116 -0.00418314 0.999967 0.7968
0.995009 -0.099066 -0.0119318 75.5909 0.0990689 0.995081 -0.000353977 5.29173 0.0119082 -0.000829861 0.999929 0.810047
0.995299 -0.0960439 -0.0124874 76.1495 0.0960644 0.995375 0.0010451 5.34575 0.0123293 -0.00223978 0.999921 0.823629
0.995713 -0.0919204 -0.0102722 76.7098 0.0919868 0.995741 0.00618455 5.40857 0.00965992 -0.00710294 0.999928 0.830899
0.996141 -0.0874684 -0.00720654 77.2665 0.0875056 0.996151 0.00502531 5.45866 0.00673925 -0.00563653 0.999961 0.849742
0.996664 -0.081581 -0.00249301 77.8047 0.0815825 0.996666 0.000526824 5.49752 0.00244172 -0.000728452 0.999997 0.861678
0.997333 -0.07297 0.00142011 78.3412 0.0729756 0.997324 -0.00441121 5.52843 -0.00109443 0.00450307 0.999989 0.881153
0.998075 -0.0619982 0.00150708 78.8453 0.0619996 0.998076 -0.000906995 5.56161 -0.00144795 0.000998687 0.999998 0.891523
0.998908 -0.0467141 0.000869972 79.346 0.0467101 0.9989 0.00409946 5.59506 -0.00106052 -0.00405434 0.999991 0.897063
0.999613 -0.0277767 0.00132661 79.835 0.027764 0.999576 0.00874801 5.61474 -0.00156903 -0.0087078 0.999961 0.899133
0.999978 -0.00627549 0.0022818 80.3088 0.00625743 0.99995 0.00783905 5.60844 -0.00233087 -0.0078246 0.999967 0.90753
0.999787 0.0203162 0.00368745 80.7814 -0.0203306 0.999786 0.00390726 5.5862 -0.00360728 -0.0039814 0.999986 0.917683
0.998746 0.0497588 0.0055659 81.2193 -0.0497747 0.998757 0.00275889 5.55245 -0.0054217 -0.00303247 0.999981 0.924699
0.996557 0.0825869 0.0073192 81.6695 -0.0826046 0.99658 0.00214207 5.50259 -0.00711727 -0.00273929 0.999971 0.930039
0.99264 0.120818 0.00831851 82.121 -0.120838 0.99267 0.00202288 5.43522 -0.00801314 -0.00301319 0.999963 0.934859
0.986774 0.161822 0.00957202 82.5427 -0.161848 0.986813 0.00205278 5.35011 -0.00911361 -0.00357484 0.999952 0.937765
0.978276 0.20707 0.00992323 82.9612 -0.207097 0.978319 0.00173599 5.24771 -0.00934861 -0.00375335 0.999949 0.941763
0.966737 0.255604 0.00924192 83.3805 -0.255646 0.966763 0.0036479 5.11983 -0.00800233 -0.00588922 0.999951 0.946063
0.951661 0.307035 0.00835701 83.7498 -0.307079 0.951674 0.00446371 4.97371 -0.00658263 -0.0068142 0.999955 0.95264
0.932083 0.362176 0.00708284 84.1416 -0.362212 0.932085 0.00450885 4.80262 -0.00496881 -0.00676811 0.999965 0.955829
0.908248 0.41838 0.00656981 84.4823 -0.418413 0.908243 0.00498867 4.62048 -0.00387983 -0.00727984 0.999966 0.957871
0.87986 0.475202 0.00551606 84.8177 -0.475228 0.879846 0.00541729 4.41521 -0.00227897 -0.00738785 0.99997 0.952119
0.846514 0.532354 0.00370489 85.151 -0.532365 0.846508 0.00328759 4.17463 -0.00138606 -0.00475534 0.999988 0.960966
0.810371 0.585909 0.00307012 85.4296 -0.585917 0.810367 0.0026597 3.93169 -0.000929585 -0.00395418 0.999992 0.965467
0.770805 0.637058 0.00404464 85.7207 -0.637065 0.77081 0.00068869 3.65531 -0.00267891 -0.00310755 0.999992 0.973807
0.728434 0.685079 0.00707935 85.9726 -0.685095 0.728454 -0.000306187 3.39411 -0.00536675 -0.00462699 0.999975 0.972831
0.683216 0.730176 0.00765739 86.2138 -0.730189 0.683243 -0.00146598 3.09803 -0.00630228 -0.00458976 0.99997 0.97194
0.635584 0.772016 0.0049594 86.4489 -0.77201 0.635601 -0.00340255 2.7743 -0.00577903 -0.0016661 0.999982 0.97598
0.587745 0.809044 0.00200385 86.6222 -0.809021 0.587744 -0.00642113 2.46586 -0.00637273 0.00215283 0.999977 0.986155
0.540968 0.841038 0.0029549 86.808 -0.841024 0.540976 -0.00484164 2.1232 -0.00567054 0.000134027 0.999984 0.988029
0.493407 0.869779 0.00585699 86.9641 -0.869784 0.493426 -0.00233332 1.80673 -0.00491946 -0.00394304 0.99998 0.987299
0.448779 0.893613 0.0072546 87.098 -0.893635 0.448795 -0.00064246 1.46589 -0.00382994 -0.00619464 0.999973 0.990759
0.407646 0.91314 0.000832215 87.2296 -0.913135 0.407646 -0.00299267 1.10228 -0.00307197 0.000460025 0.999995 0.988312
0.369168 0.929306 -0.0103039 87.3177 -0.929336 0.36905 -0.0116977 0.74963 -0.00706805 0.0138942 0.999878 0.999197
0.335145 0.942052 -0.0147079 87.4157 -0.94211 0.334913 -0.0161848 0.387754 -0.0103211 0.0192807 0.999761 0.995495
0.302923 0.952938 -0.0121271 87.5259 -0.952976 0.302772 -0.0128712 0.0201193 -0.00859373 0.0154558 0.999844 0.998313
0.273089 0.961982 -0.00367771 87.6354 -0.961982 0.273072 -0.00468113 -0.335255 -0.00349889 0.00481626 0.999982 0.998065
0.245441 0.969411 0.00108062 87.7296 -0.969412 0.245441 0.000393788 -0.71893 0.000116514 -0.00114422 0.999999 1.00611
0.220143 0.975467 -0.000444677 87.8033 -0.975466 0.220143 0.00142455 -1.11514 0.0014875 0.000120163 0.999999 1.01458
0.197988 0.98017 -0.00819726 87.8671 -0.980196 0.198013 0.00238559 -1.50644 0.00396145 0.00756261 0.999964 1.01732
0.177762 0.983951 -0.0155071 87.9216 -0.984021 0.177893 0.00754767 -1.90511 0.0101852 0.0139176 0.999851 1.01698
0.156596 0.987531 -0.0161434 87.9789 -0.987516 0.156833 0.0146642 -2.32858 0.0170132 0.0136455 0.999762 1.00779
0.138325 0.990298 -0.0132751 88.0429 -0.990235 0.138526 0.0156552 -2.77448 0.0173422 0.0109799 0.999789 1.01274
0.123388 0.992272 -0.0131069 88.1026 -0.992276 0.123537 0.0112362 -3.2176 0.0127686 0.0116192 0.999851 1.02152
0.10917 0.993938 -0.013013 88.1465 -0.993983 0.109274 0.00756364 -3.693 0.00893977 0.012109 0.999887 1.03699
0.0971944 0.995168 -0.0139127 88.1897 -0.995245 0.097273 0.00508419 -4.1694 0.00641296 0.0133524 0.99989 1.04822
0.0868092 0.996062 -0.0180429 88.2246 -0.996211 0.0868903 0.00376221 -4.65808 0.00531514 0.0176479 0.99983 1.05564
0.0777713 0.996761 -0.020463 88.2552 -0.996956 0.0778681 0.00397656 -5.15265 0.00555709 0.0200914 0.999783 1.06135
0.0699474 0.997294 -0.0226396 88.2878 -0.997533 0.0700641 0.00440182 -5.69598 0.00597613 0.0222758 0.999734 1.06737
0.0635273 0.997684 -0.0243185 88.3204 -0.997961 0.0636589 0.00467779 -6.23822 0.00621504 0.0239717 0.999693 1.07101
0.057751 0.998019 -0.024951 88.3503 -0.998308 0.0579004 0.00530575 -6.78671 0.00673991 0.0246024 0.999675 1.07705
0.0531604 0.998281 -0.0246625 88.377 -0.998559 0.053324 0.00602186 -7.37376 0.00732661 0.0243068 0.999678 1.07954
0.0482153 0.998458 -0.0275022 88.405 -0.998809 0.0484 0.00608854 -7.98434 0.00741027 0.0271759 0.999603 1.08633
0.0441505 0.998609 -0.028808 88.4404 -0.998999 0.0443373 0.00587582 -8.58501 0.00714492 0.0285197 0.999568 1.09405
0.0415074 0.998681 -0.0302257 88.464 -0.999117 0.0416857 0.00529252 -9.21349 0.00654552 0.0299793 0.999529 1.10134
0.0390854 0.99872 -0.0320957 88.4851 -0.999218 0.0392592 0.00480228 -9.86498 0.00605618 0.0318829 0.999473 1.1067
0.0378048 0.998646 -0.0357326 88.513 -0.99927 0.0379763 0.0041339 -10.5371 0.00548529 0.0355502 0.999353 1.11603
0.03835 0.998483 -0.0395172 88.5314 -0.999252 0.0385184 0.00350778 -11.2566 0.00502459 0.0393531 0.999213 1.12396
0.0405384 0.998339 -0.0409422 88.559 -0.999165 0.040712 0.00341496 -11.9485 0.00507613 0.0407696 0.999156 1.13305
0.0446074 0.998067 -0.0432797 88.5917 -0.99899 0.0447967 0.00341425 -12.6765 0.00534644 0.0430837 0.999057 1.13804
0.0472896 0.997913 -0.0439724 88.6329 -0.99887 0.0474558 0.00274234 -13.4004 0.00482336 0.043793 0.999029 1.14544
0.0518885 0.997585 -0.0461605 88.6649 -0.998645 0.0520111 0.0014575 -14.1698 0.00385484 0.0460224 0.998933 1.1534
0.0553086 0.997416 -0.0458413 88.7121 -0.998467 0.0553557 -0.000241255 -14.9215 0.00229694 0.0457843 0.998949 1.15857
0.0585815 0.997342 -0.0433374 88.7641 -0.998283 0.0585474 -0.00205712 -15.7128 0.000485642 0.0433835 0.999058 1.16384
0.0624466 0.997175 -0.0417311 88.821 -0.998048 0.0623623 -0.00332124 -16.5098 -0.000709418 0.041857 0.999123 1.16933
0.0676728 0.996914 -0.0397855 88.8779 -0.997708 0.0676089 -0.00295127 -17.342 -0.000252303 0.0398941 0.999204 1.17612
0.0707529 0.996785 -0.037611 88.9474 -0.997486 0.0708523 0.00131629 -18.1445 0.00397688 0.0374233 0.999292 1.18863
0.0712904 0.996884 -0.0337586 89.0203 -0.997416 0.0715487 0.00650486 -18.945 0.00889998 0.0332076 0.999409 1.19529
0.0708769 0.997026 -0.0302462 89.0861 -0.997415 0.0711998 0.00973547 -19.7592 0.01186 0.0294779 0.999495 1.21165
0.0712144 0.997075 -0.0277438 89.1509 -0.997397 0.0714978 0.00935987 -20.582 0.0113161 0.027005 0.999571 1.22257
0.0712821 0.997117 -0.0260058 89.2168 -0.997412 0.0715007 0.00757549 -21.408 0.00941309 0.0253985 0.999633 1.24181
0.0703927 0.997191 -0.0255908 89.2796 -0.997489 0.0705679 0.00600607 -22.2085 0.00779509 0.0251038 0.999654 1.26153
0.0700602 0.997261 -0.0236913 89.346 -0.997518 0.0702059 0.00537516 -23.0359 0.0070237 0.0232559 0.999705 1.27905
0.0701522 0.997297 -0.0218306 89.41 -0.997514 0.0702815 0.00521172 -23.8467 0.00673192 0.0214107 0.999748 1.29597
0.0709882 0.997285 -0.0195855 89.4734 -0.997448 0.0711225 0.00624841 -24.6477 0.00762441 0.0190919 0.999789 1.3124
0.070228 0.997402 -0.0160563 89.5414 -0.997494 0.0703552 0.00750198 -25.458 0.00861213 0.0154892 0.999843 1.32954
0.0671555 0.997656 -0.0131684 89.6051 -0.997711 0.0672522 0.00704125 -26.2527 0.00791035 0.0126654 0.999889 1.34582
0.058546 0.998253 -0.00799069 89.7217 -0.998277 0.0585752 0.00347484 -27.8868 0.00393682 0.00777348 0.999962 1.38024
0.0520262 0.998626 -0.00628124 89.7723 -0.998645 0.0520347 0.00119502 -28.7226 0.00152023 0.00621055 0.99998 1.3928
0.0446105 0.998992 -0.00506543 89.8192 -0.999004 0.0446163 0.00103035 -29.5152 0.00125532 0.00501442 0.999987 1.40911
0.0363594 0.999329 -0.0044439 89.8493 -0.999337 0.0363676 0.00176253 -30.3047 0.00192296 0.00437687 0.999989 1.4193
0.0254862 0.999665 -0.00444943 89.8749 -0.999673 0.0254959 0.00212558 -31.1021 0.00223831 0.0043938 0.999988 1.43273
0.0145987 0.999881 -0.00503888 89.8868 -0.999893 0.0146046 0.00113837 -31.8787 0.00121182 0.00502172 0.999987 1.44347
0.00487796 0.999978 -0.00449314 89.8944 -0.999988 0.00487838 8.29385e-05 -32.6859 0.000104856 0.00449268 0.99999 1.45444
-0.00609605 0.999969 -0.00500998 89.8965 -0.999981 -0.00610022 -0.000818132 -33.4815 -0.000848669 0.00500489 0.999987 1.46896
-0.0171772 0.999839 -0.00513734 89.8844 -0.999852 -0.0171826 -0.00101077 -34.2544 -0.00109888 0.00511921 0.999986 1.47968
-0.0296774 0.999547 -0.00496536 89.8601 -0.999559 -0.029679 -0.000249281 -35.0467 -0.000396535 0.00495577 0.999988 1.49098
-0.0398117 0.999195 -0.00489762 89.837 -0.999207 -0.0398098 0.000476175 -35.8234 0.000280818 0.0049127 0.999988 1.5003
-0.0511791 0.998679 -0.00447892 89.7946 -0.998689 -0.0511741 0.00122104 -36.5933 0.000990226 0.00453554 0.999989 1.51268
-0.0611229 0.998118 -0.00494746 89.755 -0.998129 -0.0611144 0.00184232 -37.3472 0.00153649 0.00505082 0.999986 1.52387
-0.0708429 0.997469 -0.00607461 89.7024 -0.997486 -0.0708311 0.00213999 -38.0743 0.00170431 0.00621094 0.999979 1.53558
-0.0810417 0.996695 -0.00552985 89.6472 -0.996709 -0.0810297 0.00236091 -38.8263 0.00190502 0.00570299 0.999982 1.5522
-0.0888945 0.996016 -0.00712545 89.5845 -0.99604 -0.0888841 0.00176562 -39.5534 0.00112525 0.00725419 0.999973 1.56412
-0.0967168 0.995268 -0.00935887 89.5151 -0.995312 -0.0967151 0.000637824 -40.2728 -0.000270338 0.00937668 0.999956 1.57428
-0.102624 0.994649 -0.0119364 89.4381 -0.994718 -0.102642 -0.000983198 -41.015 -0.00220312 0.0117725 0.999928 1.58814
-0.106546 0.994184 -0.0156577 89.3629 -0.994297 -0.106604 -0.00290455 -41.7108 -0.00455684 0.015259 0.999873 1.59987
-0.108819 0.993916 -0.0170396 89.2838 -0.994043 -0.108906 -0.00424289 -42.4053 -0.00607278 0.0164764 0.999846 1.60904
-0.110655 0.993692 -0.0182301 89.2071 -0.993835 -0.110761 -0.004897 -43.1021 -0.00688529 0.0175758 0.999822 1.61633
-0.1115 0.993602 -0.0179688 89.1311 -0.993741 -0.111602 -0.00478832 -43.7723 -0.00676304 0.0173224 0.999827 1.62287
-0.110197 0.993721 -0.0193435 89.0586 -0.993893 -0.110288 -0.00366149 -44.4147 -0.00577184 0.0188218 0.999806 1.63123
-0.108356 0.993918 -0.0196573 88.9967 -0.994101 -0.108425 -0.00248958 -45.0647 -0.00460579 0.0192716 0.999804 1.63898
-0.102368 0.994534 -0.0205416 88.937 -0.99474 -0.102423 -0.00164966 -45.6687 -0.00374458 0.0202646 0.999788 1.64588
-0.0954542 0.995248 -0.0192439 88.8834 -0.99543 -0.0954899 -0.000940208 -46.2848 -0.00277334 0.0190662 0.999814 1.65358
-0.0826977 0.996402 -0.0185513 88.8424 -0.996572 -0.0827256 -0.000738794 -46.8611 -0.0022708 0.0184266 0.999828 1.66124
-0.0692984 0.997429 -0.0182424 88.8119 -0.997594 -0.0693209 -0.000606853 -47.4206 -0.00186987 0.0181565 0.999833 1.67239
-0.0532333 0.998428 -0.0175459 88.7956 -0.998582 -0.0532214 0.00114639 -47.9673 0.000210766 0.0175821 0.999845 1.68016
-0.031995 0.999348 -0.0167161 88.7962 -0.999483 -0.031938 0.00366814 -48.4905 0.00313187 0.0168248 0.999854 1.69152
-0.00741335 0.999862 -0.014886 88.7944 -0.999948 -0.00730879 0.00706621 -49.0164 0.00695643 0.0149377 0.999864 1.70287
0.0212242 0.999681 -0.0136622 88.8227 -0.99973 0.0213511 0.00921001 -49.5313 0.00949878 0.0134631 0.999864 1.71193
0.0553158 0.998382 -0.0131404 88.8608 -0.998422 0.0554357 0.00894207 -50.0461 0.00965605 0.012625 0.999874 1.72344
0.0931337 0.995573 -0.0126941 88.9321 -0.995622 0.0932247 0.00677577 -50.5646 0.00792918 0.0120075 0.999896 1.73471
0.133147 0.991028 -0.0116154 89.0171 -0.991084 0.133195 0.00342291 -51.0506 0.00493932 0.0110561 0.999927 1.74753
0.177855 0.984014 -0.00915395 89.1319 -0.984056 0.177858 -0.000478178 -51.5746 0.00115757 0.00909305 0.999958 1.76056
0.227029 0.973874 -0.00524733 89.2774 -0.973885 0.227011 -0.00372752 -52.0464 -0.00243893 0.00595655 0.999979 1.76949
0.279545 0.96013 -0.00228018 89.4338 -0.960124 0.279531 -0.00499904 -52.5357 -0.00416235 0.00358671 0.999985 1.77646
0.333969 0.942581 -0.00226715 89.6282 -0.942577 0.333956 -0.00468649 -53.0001 -0.00366027 0.0037021 0.999986 1.77812
0.392436 0.919767 -0.0048065 89.8378 -0.919778 0.39242 -0.00389014 -53.4427 -0.00169185 0.00594754 0.999981 1.79117
0.45199 0.891972 -0.00949949 90.0598 -0.892014 0.452008 -0.000363322 -53.8487 0.00396977 0.0086379 0.999955 1.79737
0.511808 0.858979 -0.0143861 90.3332 -0.859039 0.511899 0.00327418 -54.2486 0.0101767 0.0106825 0.999891 1.80835
0.56977 0.82167 -0.0148912 90.6119 -0.821667 0.569912 0.00797581 -54.6194 0.0150402 0.00769124 0.999857 1.81435
0.624815 0.780622 -0.0153616 90.9401 -0.780555 0.624984 0.0113647 -54.9733 0.0184723 0.00488968 0.999817 1.81901
0.67586 0.736833 -0.0170444 91.2722 -0.736731 0.676064 0.012822 -55.2966 0.0209708 0.00389128 0.999773 1.8311
0.723597 0.689975 -0.0185088 91.6047 -0.689896 0.723819 0.0113544 -55.5925 0.0212313 0.00455317 0.999764 1.84276
0.768208 0.640023 -0.0150588 92.0044 -0.639989 0.768346 0.00760068 -55.8808 0.016435 0.00379857 0.999858 1.85975
0.809586 0.586896 -0.0111402 92.4007 -0.586901 0.809653 0.00309601 -56.1294 0.0108367 0.00403172 0.999933 1.86959
0.846319 0.532644 -0.00595597 92.7921 -0.532652 0.846334 0.000145095 -56.349 0.00511802 0.00304966 0.999982 1.88158
0.877663 0.479278 -0.000756786 93.233 -0.479278 0.87766 -0.00219732 -56.5579 -0.000388927 0.00229122 0.999997 1.88727
0.903571 0.428412 0.00473871 93.6727 -0.428404 0.903584 -0.00257886 -56.7356 -0.00538663 0.000300098 0.999985 1.90007
0.92375 0.382896 0.00878517 94.1098 -0.382908 0.923786 -0.00040214 -56.8821 -0.0082696 -0.00299244 0.999961 1.91149
0.939473 0.342424 0.0116694 94.5849 -0.342496 0.939507 0.00475193 -57.0225 -0.00933632 -0.00846103 0.999921 1.91021
0.951496 0.307418 0.0121934 95.0377 -0.307543 0.951481 0.010103 -57.1437 -0.00849594 -0.013363 0.999875 1.91221
0.961068 0.276107 0.010626 95.5138 -0.276224 0.96102 0.0118964 -57.2646 -0.00692707 -0.0143684 0.999873 1.90062
0.967246 0.253658 0.00962903 95.9911 -0.253731 0.967247 0.00727362 -57.3896 -0.00746864 -0.00947857 0.999927 1.90999
0.971146 0.238316 0.00895903 96.4735 -0.23836 0.971168 0.00419771 -57.5033 -0.00770035 -0.00621206 0.999951 1.9144
0.971154 0.238285 0.00895774 96.4744 -0.238329 0.971176 0.00419153 -57.5035 -0.00770076 -0.0062055 0.999951 1.91441
0.974389 0.224675 0.00929674 96.9873 -0.224748 0.974386 0.00770825 -57.6128 -0.00732676 -0.00960026 0.999927 1.91461
0.976352 0.215936 0.0104341 97.4726 -0.216064 0.976289 0.0132987 -57.7006 -0.00731506 -0.0152387 0.999857 1.90899
0.977799 0.209295 0.0102827 97.9986 -0.209464 0.977614 0.019881 -57.7945 -0.00589148 -0.0215935 0.999749 1.90677
0.9784 0.206565 0.00800718 98.515 -0.206708 0.978035 0.0268338 -57.8873 -0.00228836 -0.0279093 0.999608 1.90712
0.978625 0.205569 0.00582045 99.0423 -0.205652 0.978217 0.0282573 -57.9955 0.000115168 -0.0288503 0.999584 1.91389
0.978127 0.208 0.00186736 99.5878 -0.207975 0.977767 0.0267985 -58.1175 0.00374826 -0.0266007 0.999639 1.91757
0.977164 0.212442 -0.00438941 100.131 -0.212262 0.97687 0.0258839 -58.2402 0.0097867 -0.0243611 0.999655 1.92411
0.976154 0.216908 -0.00855822 100.692 -0.216603 0.975869 0.0276077 -58.3637 0.0143401 -0.0250957 0.999582 1.93077
0.975243 0.221013 -0.00738629 101.278 -0.22069 0.974852 0.0309753 -58.4921 0.0140465 -0.0285783 0.999493 1.93406
0.973921 0.226871 -0.00275669 101.868 -0.226655 0.973401 0.0334274 -58.6135 0.0102671 -0.0319308 0.999437 1.94115
0.972929 0.2311 0.00155124 102.481 -0.231034 0.972437 0.0314452 -58.7644 0.00575851 -0.0309523 0.999504 1.95515
0.971965 0.235035 0.00649302 103.087 -0.235125 0.971588 0.0270795 -58.9149 5.60955e-05 -0.027847 0.999612 1.96359
0.971084 0.238486 0.010967 103.711 -0.238687 0.9708 0.0239851 -59.0689 -0.00492665 -0.0259093 0.999652 1.96944
0.970309 0.241622 0.0109318 104.357 -0.241798 0.970126 0.0197053 -59.2355 -0.005844 -0.0217635 0.999746 1.97323
0.970087 0.242649 0.00722209 104.993 -0.242739 0.969947 0.0167864 -59.3998 -0.00293183 -0.0180374 0.999833 1.97737
0.970227 0.242199 -0.000323223 105.626 -0.242166 0.970117 0.0150938 -59.5623 0.00396925 -0.0145661 0.999886 1.98173
0.970373 0.241543 -0.00575624 106.287 -0.241392 0.970232 0.0194991 -59.7202 0.0102948 -0.0175319 0.999793 1.98845
0.970962 0.239092 -0.00824468 106.948 -0.238856 0.970789 0.0227207 -59.882 0.0134362 -0.0200916 0.999708 1.99287
0.971637 0.236422 -0.00504468 107.646 -0.236267 0.971454 0.0213196 -60.0487 0.00994109 -0.019523 0.99976 1.99944
0.971968 0.235108 0.00122851 108.359 -0.235095 0.971825 0.0169466 -60.2223 0.00279039 -0.0167604 0.999856 2.01198
0.972601 0.232382 0.00673364 109.067 -0.232461 0.97248 0.0156563 -60.3859 -0.00291009 -0.0167926 0.999855 2.02394
0.973001 0.230685 0.00736913 109.798 -0.230787 0.97281 0.0194404 -60.5501 -0.00268417 -0.0206162 0.999784 2.03195
0.973496 0.228672 0.00397596 110.528 -0.228699 0.973176 0.0250144 -60.7082 0.00185077 -0.0252607 0.999679 2.03332
0.974293 0.225282 -0.000913064 111.292 -0.225177 0.973948 0.02685 -60.8776 0.0069381 -0.0259542 0.999639 2.03934
0.975198 0.221302 -0.00369693 112.032 -0.221124 0.974866 0.0271975 -61.0418 0.00962289 -0.0257055 0.999623 2.04003
0.97601 0.217696 -0.00356172 112.794 -0.217553 0.975758 0.023799 -61.2133 0.00865634 -0.0224532 0.99971 2.05236
0.976843 0.213949 -0.00211609 113.587 -0.213861 0.976645 0.0206697 -61.3888 0.00648893 -0.0197385 0.999784 2.06823
0.977307 0.211828 -0.000189396 114.39 -0.211791 0.97715 0.0179501 -61.5605 0.0039874 -0.0175026 0.999839 2.07956
0.977487 0.210992 0.00146026 115.177 -0.21099 0.977376 0.0148225 -61.7324 0.0017002 -0.0147969 0.999889 2.0852
0.977678 0.210095 0.00233799 115.98 -0.210108 0.977613 0.011254 -61.9098 7.8754e-05 -0.011494 0.999934 2.09817
0.977713 0.209917 0.00363655 116.786 -0.209944 0.977655 0.0106994 -62.0762 -0.00130931 -0.0112244 0.999936 2.10174
0.977777 0.209626 0.00310215 117.611 -0.209649 0.977647 0.0159219 -62.2473 0.000304826 -0.0162184 0.999868 2.11208
0.97756 0.210652 0.00115989 118.426 -0.210628 0.97733 0.0215114 -62.4067 0.00339781 -0.021273 0.999768 2.11887
0.977328 0.211726 0.00153214 119.236 -0.211676 0.976878 0.0300494 -62.57 0.00486553 -0.0296924 0.999547 2.12845
0.976764 0.214277 0.00415781 120.077 -0.214286 0.976101 0.0361687 -62.7388 0.00369169 -0.0362192 0.999337 2.13691
0.976052 0.217457 0.00597977 120.907 -0.217525 0.975313 0.0380533 -62.9076 0.0024428 -0.0384427 0.999258 2.14606
0.975512 0.21988 0.00541231 121.75 -0.219924 0.974769 0.0381963 -63.0903 0.00312284 -0.0384513 0.999256 2.15762
0.975006 0.222143 0.00398702 122.572 -0.222123 0.974203 0.0398666 -63.2746 0.00497192 -0.0397558 0.999197 2.16888
0.974671 0.223635 0.0021478 123.411 -0.223593 0.974188 0.0310529 -63.4733 0.00485215 -0.0307466 0.999515 2.18115
0.974737 0.223354 0.00102781 124.235 -0.223306 0.974412 0.0256132 -63.6734 0.00471929 -0.0251957 0.999671 2.19659
0.974465 0.224538 0.00060962 125.086 -0.224486 0.974177 0.0242046 -63.866 0.00484097 -0.0237234 0.999707 2.21884
0.973978 0.226612 0.00382217 125.915 -0.226631 0.973605 0.0270544 -64.0527 0.00240957 -0.0272166 0.999627 2.2266
0.973798 0.227188 0.0101368 126.753 -0.227391 0.97337 0.0290695 -64.2383 -0.00326261 -0.0306129 0.999526 2.23682
0.973478 0.228339 0.0142255 127.597 -0.228683 0.973002 0.0311528 -64.4229 -0.00672803 -0.0335796 0.999413 2.24468
0.973321 0.229294 0.00835881 128.44 -0.229444 0.972827 0.0310252 -64.6212 -0.0010178 -0.0321153 0.999484 2.25628
0.973158 0.23003 -0.00709419 129.24 -0.229764 0.97287 0.0270601 -64.8146 0.0131264 -0.0247038 0.999609 2.26721
0.973162 0.229574 -0.0158721 130.05 -0.229126 0.973053 0.0258802 -65.0082 0.0213858 -0.0215489 0.999539 2.2926
0.97342 0.228885 -0.00806524 130.898 -0.228635 0.973211 0.0242241 -65.2077 0.0133937 -0.0217362 0.999674 2.30338
0.973816 0.227085 0.0107453 131.738 -0.227239 0.973701 0.0163618 -65.4041 -0.00674715 -0.0183752 0.999808 2.318
0.973773 0.226018 0.0261304 132.595 -0.226308 0.974017 0.00868915 -65.6032 -0.0234876 -0.0143748 0.999621 2.3339
0.974139 0.224951 0.0212004 133.4 -0.225273 0.974192 0.0142291 -65.7806 -0.0174524 -0.018637 0.999674 2.33487
0.974551 0.224005 0.00844854 134.198 -0.22415 0.974219 0.0255756 -65.9517 -0.00250167 -0.0268185 0.999637 2.33938
0.974668 0.223657 -0.000396857 135.002 -0.223566 0.974316 0.0269613 -66.1267 0.00641677 -0.0261896 0.999636 2.33183
0.975146 0.22155 -0.00231399 135.807 -0.22144 0.974901 0.023057 -66.3126 0.00736419 -0.0219716 0.999731 2.35003
0.975786 0.218723 -0.00135373 136.607 -0.21865 0.975587 0.0205638 -66.4926 0.00581847 -0.0197699 0.999788 2.37016
0.976504 0.215491 -0.00176206 137.434 -0.215404 0.976286 0.0215822 -66.6647 0.00637105 -0.0206956 0.999766 2.38648
0.977622 0.21035 -0.0029468 138.229 -0.210218 0.977352 0.0243205 -66.8353 0.00799586 -0.0231568 0.9997 2.40146
0.97815 0.207884 -0.00248093 139.03 -0.207739 0.977796 0.0275649 -66.9923 0.00815616 -0.0264473 0.999617 2.41932
0.97873 0.205147 -0.00119387 139.833 -0.204977 0.978123 0.0354998 -67.143 0.00845044 -0.0345 0.999369 2.42992
0.979001 0.203853 0.00128831 140.622 -0.203759 0.978316 0.0371552 -67.2919 0.00631383 -0.0366374 0.999309 2.44766
0.979317 0.202276 0.00480511 141.424 -0.202322 0.978736 0.0337946 -67.4571 0.00213291 -0.0340678 0.999417 2.4642
0.979644 0.20068 0.00507102 142.219 -0.200738 0.9791 0.0326686 -67.6173 0.00159089 -0.0330215 0.999453 2.47919
0.980093 0.198528 0.00217216 143.019 -0.198496 0.979587 0.0317662 -67.7748 0.00417865 -0.0315649 0.999493 2.49174
0.980936 0.194316 -0.00229721 143.802 -0.194182 0.980582 0.0274438 -67.933 0.00758538 -0.0264746 0.999621 2.50626
0.982173 0.187937 -0.00395756 144.594 -0.187775 0.981869 0.0259605 -68.0867 0.00876475 -0.0247545 0.999655 2.51839
0.983476 0.181037 0.000469397 145.392 -0.180996 0.98319 0.0240497 -68.2318 0.00389237 -0.0237372 0.999711 2.5243
0.984491 0.175243 0.0081557 146.182 -0.175371 0.984315 0.0192251 -68.37 -0.0046587 -0.0203572 0.999782 2.54361
0.985148 0.170781 0.0178242 146.985 -0.171109 0.985072 0.0188477 -68.5049 -0.0143393 -0.0216177 0.999663 2.55937
0.985794 0.166658 0.0208848 147.762 -0.167093 0.985714 0.021146 -68.6257 -0.0170623 -0.0243353 0.999558 2.55383
0.986677 0.161851 0.0165383 148.573 -0.162236 0.986425 0.0254096 -68.7519 -0.0122012 -0.0277541 0.99954 2.55171
0.987861 0.155197 0.00674195 149.342 -0.155323 0.987505 0.0266257 -68.8665 -0.00252547 -0.0273497 0.999623 2.56004
0.988853 0.148892 0.000559396 150.121 -0.148853 0.988494 0.0268931 -68.986 0.0034512 -0.0266766 0.999638 2.55566
0.989866 0.142004 0.000873651 150.944 -0.141988 0.989612 0.0225444 -69.0947 0.00233683 -0.02244 0.999745 2.56961
0.990961 0.134072 0.00450558 151.747 -0.134145 0.990561 0.0281691 -69.194 -0.000686383 -0.0285189 0.999593 2.57922
0.991951 0.126569 0.00370942 152.543 -0.126622 0.991386 0.0334689 -69.2785 0.000558637 -0.0336692 0.999433 2.58919
0.993152 0.116809 -0.00201279 153.362 -0.116653 0.99247 0.0373513 -69.3618 0.0063606 -0.0368607 0.9993 2.59331
0.994131 0.108069 -0.00498494 154.171 -0.107815 0.993489 0.0368253 -69.4509 0.00893215 -0.0360717 0.999309 2.60888
0.994927 0.100566 -0.00259176 154.983 -0.100404 0.994267 0.0367806 -69.5247 0.0062758 -0.0363338 0.99932 2.62019
0.99572 0.0923465 0.00376971 155.82 -0.0924233 0.994964 0.0387879 -69.5902 -0.00016879 -0.0389703 0.99924 2.63227
0.996402 0.0841416 0.0101272 156.656 -0.0844902 0.995572 0.0411946 -69.6461 -0.00661616 -0.0419021 0.9991 2.64154
0.997045 0.0756757 0.0131755 157.477 -0.076155 0.996262 0.0407733 -69.7055 -0.0100407 -0.0416562 0.999082 2.64947
0.997453 0.0697425 0.0149339 158.306 -0.0703028 0.996681 0.0410336 -69.7587 -0.0120225 -0.041979 0.999046 2.65187
0.997739 0.0659645 0.012867 159.133 -0.0664385 0.996958 0.0407558 -69.8055 -0.0101394 -0.0415185 0.999086 2.65419
0.998093 0.0612338 0.00783305 159.952 -0.0615274 0.997073 0.0453749 -69.8431 -0.00503165 -0.0457703 0.998939 2.65979
0.998325 0.0578321 0.00175903 160.769 -0.0578463 0.997011 0.0512231 -69.8775 0.00120857 -0.0512391 0.998686 2.65967
0.998487 0.0549633 -0.0013974 161.593 -0.0548061 0.997015 0.0543816 -69.9081 0.00438221 -0.0542227 0.998519 2.66694
0.998642 0.0518891 0.00464604 162.434 -0.0520662 0.99713 0.0549551 -69.9402 -0.00178114 -0.0551223 0.998478 2.67579
0.998696 0.0490876 0.0140139 163.272 -0.0498086 0.997141 0.056822 -69.9715 -0.0111846 -0.0574459 0.998286 2.67552
0.998727 0.0453118 0.0221827 164.099 -0.0465071 0.997307 0.0567169 -70 -0.019553 -0.0576764 0.998144 2.68037
0.999016 0.0404152 0.0182877 164.914 -0.0413202 0.997783 0.0521631 -70.0329 -0.0161389 -0.0528674 0.998471 2.67553
0.999306 0.03607 0.00934049 165.74 -0.0364476 0.998365 0.0440279 -70.0705 -0.00773713 -0.0443378 0.998987 2.69031
0.999575 0.0289501 0.00352456 166.54 -0.0290735 0.99868 0.042354 -70.0937 -0.00229375 -0.0424384 0.999096 2.68738
0.99975 0.0219048 0.004492 167.356 -0.0220949 0.998609 0.0478796 -70.1011 -0.00343696 -0.0479669 0.998843 2.68477
0.999848 0.0145639 0.00956402 168.188 -0.014961 0.99897 0.0428496 -70.1118 -0.00893011 -0.0429862 0.999036 2.68706
0.999881 0.00684183 0.0138024 169.024 -0.00733588 0.999322 0.036067 -70.1221 -0.0135463 -0.036164 0.999254 2.69153
0.999853 0.00113674 0.0171042 169.851 -0.00163351 0.999576 0.0290579 -70.13 -0.0170639 -0.0290816 0.999431 2.68304
0.999836 -0.00464634 0.0174864 170.697 0.00423435 0.999714 0.0235244 -70.1278 -0.0175907 -0.0234465 0.99957 2.68877
0.999871 -0.0113239 0.0114065 171.519 0.0110934 0.999737 0.0200678 -70.1224 -0.0116308 -0.0199386 0.999734 2.69289
0.999838 -0.0179682 0.00089125 172.325 0.0179541 0.999743 0.0138709 -70.1138 -0.00114026 -0.0138526 0.999903 2.68582
0.999685 -0.0249104 -0.00312955 173.153 0.0249286 0.999672 0.00591809 -70.1123 0.0029811 -0.00599424 0.999978 2.68948
0.999494 -0.0315317 0.00409479 174.008 0.0315005 0.999476 0.00745569 -70.0767 -0.00432773 -0.00732293 0.999964 2.69248
0.99919 -0.0367276 0.0164309 174.868 0.036456 0.999198 0.016537 -70.0305 -0.0170251 -0.0159246 0.999728 2.6956
0.998837 -0.041665 0.0242821 175.706 0.041152 0.998927 0.0212549 -69.9794 -0.0251416 -0.0202309 0.999479 2.70095
0.99874 -0.0451955 0.0218149 176.549 0.0447471 0.998786 0.0206208 -69.9327 -0.0227203 -0.0196187 0.999549 2.6914
0.998817 -0.0473038 0.0112468 177.384 0.0470324 0.998622 0.0232851 -69.8884 -0.0123328 -0.0227286 0.999666 2.69505
0.998749 -0.0499977 0.000999981 178.219 0.049937 0.9982 0.0332064 -69.8232 -0.00265842 -0.0331149 0.999448 2.68007
0.998642 -0.0520242 -0.00268464 179.074 0.0520844 0.998101 0.0328769 -69.7726 0.000969149 -0.0329721 0.999456 2.68305
0.998539 -0.0539756 0.00272329 179.915 0.0538794 0.998161 0.027796 -69.7288 -0.00421858 -0.0276087 0.99961 2.69585
0.998453 -0.0545275 0.0109101 180.773 0.0542292 0.99819 0.0259942 -69.6833 -0.0123078 -0.0253624 0.999603 2.69714
0.998377 -0.0545321 0.0164108 181.658 0.0540696 0.998161 0.0274229 -69.6316 -0.0178761 -0.0264911 0.999489 2.69356
0.998318 -0.0557966 0.0157663 182.492 0.0553501 0.998089 0.027464 -69.5744 -0.0172685 -0.0265451 0.999498 2.69669
0.998315 -0.0576128 0.00687801 183.329 0.057442 0.998087 0.0228781 -69.5241 -0.00818292 -0.0224444 0.999715 2.6916
0.998205 -0.059788 -0.0033798 184.16 0.0598337 0.998087 0.0155964 -69.4878 0.00244086 -0.0157706 0.999873 2.69929
0.998071 -0.061687 -0.00701342 185.011 0.0617284 0.998076 0.00584906 -69.4521 0.00663912 -0.00627071 0.999958 2.70931
0.998049 -0.0623724 -0.00279022 185.866 0.0623913 0.998025 0.00732395 -69.3912 0.00232789 -0.00748375 0.999969 2.719
0.997922 -0.0641222 0.00634434 186.731 0.0640467 0.997881 0.0114634 -69.3279 -0.00706595 -0.0110333 0.999914 2.72315
0.99784 -0.0648959 0.0102306 187.572 0.0647654 0.997821 0.0126089 -69.2606 -0.0110266 -0.011919 0.999868 2.73225
0.997782 -0.0661609 0.00735633 188.41 0.0660708 0.997744 0.0118788 -69.2068 -0.00812565 -0.0113664 0.999902 2.74403
0.997846 -0.0655777 0.00159542 189.238 0.0655504 0.997759 0.0134336 -69.1488 -0.00247279 -0.0133001 0.999908 2.74966
0.997822 -0.0659648 0.000366115 190.078 0.0659453 0.997636 0.0193529 -69.0752 -0.00164186 -0.0192866 0.999813 2.74634
0.997782 -0.0665024 0.00289221 190.912 0.0664237 0.997552 0.0218632 -69.0097 -0.00433909 -0.0216226 0.999757 2.75674
0.997717 -0.0672521 0.00608627 191.754 0.0670727 0.997409 0.0260082 -68.9466 -0.0078196 -0.0255406 0.999643 2.76658
0.997651 -0.0679678 0.00855686 192.58 0.0676871 0.997265 0.0296671 -68.8816 -0.0105499 -0.0290182 0.999523 2.77192
0.997681 -0.0675803 0.00808378 193.416 0.0672892 0.997218 0.0320595 -68.8142 -0.0102279 -0.0314412 0.999453 2.76979
0.99766 -0.0682009 0.00478008 194.226 0.0680226 0.997209 0.0307838 -68.752 -0.00686622 -0.0303866 0.999515 2.78448
0.997599 -0.0692557 -0.000474595 195.042 0.0692334 0.99705 0.0331426 -68.6875 -0.00182212 -0.0330959 0.999451 2.78416
