1 2.83107e-15 -2.15999e-15 9.25462e-18 -2.83107e-15 1 7.82161e-16 -1.03765e-17 2.15999e-15 -7.82161e-16 1 -2.18101e-17
0.999993 -0.00371085 -0.000802686 -0.00158556 0.00371169 0.999993 0.00104276 -0.00636997 0.00079881 -0.00104573 0.999999 0.686765
0.999967 -0.00784254 -0.00233298 -0.0289289 0.00784616 0.999968 0.00154867 0.00464113 0.00232076 -0.00156692 0.999996 1.42659
0.999919 -0.0121364 -0.00373266 -0.055371 0.0121447 0.999924 0.00219349 0.0117056 0.00370576 -0.00223864 0.999991 2.16555
0.999853 -0.0166459 -0.00411277 -0.0750558 0.0166561 0.999858 0.00246748 0.0117133 0.00407111 -0.00253562 0.999988 2.9083
0.99977 -0.0210557 -0.00406453 -0.0983598 0.0210676 0.999774 0.00290767 0.00556699 0.00400239 -0.00299263 0.999988 3.67755
0.999655 -0.0258939 -0.0044218 -0.121421 0.0259211 0.999645 0.00621419 -0.00309777 0.00425932 -0.00632667 0.999971 4.44682
0.999544 -0.0299879 -0.0036077 -0.164817 0.0300179 0.999513 0.00857485 -0.00162685 0.0033488 -0.00867924 0.999957 5.24949
0.99941 -0.034337 -0.00107162 -0.200402 0.034345 0.999373 0.00861022 -0.0024317 0.0007753 -0.00864194 0.999962 6.05227
0.99925 -0.0387073 0.00141591 -0.239465 0.0386936 0.999214 0.00865343 -0.00116775 -0.00174975 -0.00859214 0.999962 6.85489
0.999154 -0.0410614 0.00225363 -0.283337 0.0410419 0.999125 0.00808638 -0.00771009 -0.0025837 -0.00798705 0.999965 7.6658
0.999077 -0.042913 0.00173142 -0.323586 0.0428978 0.999047 0.00799261 -0.0131245 -0.00207276 -0.00791096 0.999967 8.48661
0.999008 -0.0445174 0.00096905 -0.361222 0.04451 0.998987 0.00666678 -0.0176439 -0.00126486 -0.00661704 0.999977 9.31624
0.998919 -0.0464787 0.000974627 -0.410625 0.0464728 0.998905 0.00539163 -0.0148797 -0.00122416 -0.0053405 0.999985 10.1666
0.998842 -0.0480916 0.00108255 -0.45054 0.0480882 0.998839 0.00297276 -0.0177422 -0.00122426 -0.00291726 0.999995 11.022
0.998797 -0.0490449 0.000231337 -0.496355 0.0490435 0.998788 0.00411124 -0.018799 -0.000432692 -0.00409495 0.999992 11.893
0.998749 -0.049969 -0.0020216 -0.551079 0.0499805 0.998732 0.00609227 -0.0288309 0.00171461 -0.00618569 0.999979 12.7633
0.998695 -0.050904 -0.00417052 -0.596324 0.0509411 0.998658 0.00933628 -0.0282694 0.00368967 -0.00953655 0.999948 13.6415
0.998647 -0.051801 -0.00462956 -0.649272 0.0518508 0.99859 0.0113618 -0.0269723 0.00403448 -0.0115865 0.999925 14.5202
0.998585 -0.0530723 -0.00346371 -0.694981 0.0531081 0.998526 0.0112023 -0.0326464 0.00286407 -0.0113704 0.999931 15.4357
0.998531 -0.0541571 -0.00168914 -0.753505 0.0541719 0.998476 0.0105023 -0.0381436 0.00111779 -0.0105783 0.999943 16.3405
0.998459 -0.0554904 -0.000943944 -0.812489 0.0554972 0.998405 0.0103735 -0.0501888 0.000366809 -0.0104099 0.999946 17.248
0.998352 -0.0573691 -0.00159836 -0.870555 0.0573827 0.998297 0.0105038 -0.0526273 0.000993044 -0.0105782 0.999944 18.1513
0.998264 -0.0588426 -0.00259055 -0.935268 0.0588659 0.998215 0.0100911 -0.0579334 0.00199214 -0.0102261 0.999946 19.0648
0.998192 -0.0600708 -0.00202328 -0.990924 0.0600881 0.998143 0.00997384 -0.0605957 0.00142039 -0.0100774 0.999948 19.9875
0.998156 -0.0607001 0.000273199 -1.05567 0.0606942 0.998104 0.0101921 -0.055256 -0.000891345 -0.0101568 0.999948 20.9308
0.998145 -0.0608003 0.00320119 -1.11833 0.0607639 0.998097 0.0104567 -0.0586311 -0.00383087 -0.0102427 0.99994 21.8702
0.998189 -0.0597906 0.00656442 -1.17255 0.059716 0.998154 0.011028 -0.0626618 -0.00721168 -0.0106161 0.999918 22.817
0.998259 -0.0583676 0.00852256 -1.2313 0.058282 0.99825 0.00997316 -0.0626566 -0.00908976 -0.00945908 0.999914 23.7718
0.998347 -0.0570388 0.00710273 -1.29284 0.0569731 0.998334 0.00913782 -0.0596016 -0.00761211 -0.00871805 0.999933 24.7141
0.998414 -0.0562225 0.00284969 -1.3637 0.0561899 0.998365 0.0104643 -0.0608474 -0.00343336 -0.0102875 0.999941 25.6673
0.998472 -0.0552505 -0.00141038 -1.42536 0.0552632 0.998404 0.0116411 -0.068352 0.000764953 -0.0117012 0.999931 26.6237
0.998509 -0.0545502 -0.00203049 -1.4756 0.0545696 0.998447 0.0112049 -0.0738597 0.0014161 -0.011299 0.999935 27.5974
0.998491 -0.054899 0.00158482 -1.52505 0.0548842 0.998459 0.0082039 -0.06715 -0.00203277 -0.00810453 0.999965 28.5905
0.99842 -0.0558283 0.00641149 -1.5774 0.0558076 0.998436 0.00336186 -0.0624709 -0.00658915 -0.00299874 0.999974 29.5709
0.998344 -0.0568475 0.00878409 -1.62361 0.0568708 0.998379 -0.00241629 -0.071585 -0.00863249 0.00291185 0.999958 30.5413
0.998287 -0.0580832 0.00700543 -1.68001 0.0581194 0.998297 -0.00507433 -0.0790619 -0.00669877 0.00547279 0.999963 31.5363
0.998212 -0.0596717 0.00353181 -1.74271 0.0596861 0.998209 -0.00413714 -0.0781448 -0.00327862 0.00434054 0.999985 32.519
0.998113 -0.0614007 0.00105187 -1.80988 0.0614021 0.998112 -0.0013131 -0.074617 -0.000969256 0.00137521 0.999999 33.5077
0.998019 -0.0628949 0.00142289 -1.87397 0.062898 0.998017 -0.00227178 -0.0748137 -0.00127718 0.00235678 0.999996 34.5267
0.997915 -0.0644242 0.00398416 -1.94103 0.0644309 0.997921 -0.00157181 -0.0675629 -0.00387462 0.00182524 0.999991 35.5259
0.997828 -0.0655617 0.00636494 -2.01629 0.0655589 0.997848 0.000637168 -0.0697551 -0.00639302 -0.000218506 0.99998 36.5354
0.997734 -0.0667119 0.00869186 -2.08938 0.0667071 0.997772 0.00085057 -0.0669881 -0.00872924 -0.000268834 0.999962 37.5233
0.997677 -0.0671118 0.0116616 -2.16337 0.0670993 0.997745 0.00145734 -0.0726878 -0.0117331 -0.000671468 0.999931 38.5214
0.997626 -0.0674126 0.0140753 -2.24149 0.0673741 0.997723 0.00319507 -0.0610509 -0.0142587 -0.00223917 0.999896 39.5388
0.997631 -0.0673395 0.0140512 -2.31941 0.0672507 0.997714 0.00669912 -0.0612142 -0.0144702 -0.00573829 0.999879 40.5295
0.997667 -0.0670916 0.0125984 -2.39352 0.0670064 0.997727 0.00707101 -0.0594313 -0.0130442 -0.00621035 0.999896 41.5188
0.99772 -0.0667617 0.00987076 -2.46988 0.0666615 0.997724 0.0101496 -0.0496632 -0.0105259 -0.00946841 0.9999 42.5144
0.99771 -0.0670947 0.00859609 -2.53739 0.066991 0.997683 0.0118276 -0.0384757 -0.00936975 -0.0112247 0.999893 43.4895
0.997659 -0.067731 0.00941647 -2.61031 0.0676487 0.99767 0.00879126 -0.032558 -0.00998997 -0.00813367 0.999917 44.4775
0.997606 -0.0683556 0.0105152 -2.67745 0.0682844 0.997641 0.00698686 -0.0227888 -0.010968 -0.00625211 0.99992 45.4752
0.997615 -0.0684457 0.00886287 -2.75118 0.068373 0.997626 0.00826155 -0.0314957 -0.00940729 -0.00763587 0.999927 46.4364
0.997622 -0.068772 0.00445417 -2.8332 0.0687142 0.997564 0.012031 -0.0345291 -0.00527071 -0.0116963 0.999918 47.4106
0.997624 -0.0688808 0.00128094 -2.91608 0.0688556 0.997524 0.0142812 -0.0400289 -0.00226146 -0.0141591 0.999897 48.4008
0.997608 -0.0690843 0.0023715 -2.98521 0.0690463 0.997522 0.0134953 -0.0239817 -0.00329794 -0.0132992 0.999906 49.3829
0.997586 -0.069157 0.00621181 -3.05306 0.06909 0.997556 0.0104243 -0.0324255 -0.00691755 -0.00997001 0.999926 50.3763
0.99755 -0.0694186 0.00862516 -3.12052 0.0693418 0.997553 0.00889571 -0.0340645 -0.00922158 -0.00827583 0.999923 51.3311
0.99753 -0.0696819 0.00881853 -3.18394 0.069627 0.997553 0.00638067 -0.0441329 -0.00924156 -0.0057509 0.999941 52.2908
0.997523 -0.0699027 0.00783409 -3.25141 0.06988 0.99755 0.00314196 -0.0540577 -0.00803453 -0.00258673 0.999964 53.2537
0.997454 -0.0708668 0.00798883 -3.32145 0.0708577 0.997485 0.00142574 -0.0486037 -0.00806977 -0.000856038 0.999967 54.213
0.997341 -0.0719773 0.0113836 -3.38511 0.0719978 0.997404 -0.00140089 -0.0325821 -0.0112532 0.00221676 0.999934 55.1864
0.99717 -0.0732498 0.0169488 -3.44588 0.0733255 0.9973 -0.00388797 -0.0287956 -0.0166182 0.00511975 0.999849 56.1414
0.997012 -0.0742649 0.0212409 -3.52744 0.0743735 0.997221 -0.00436808 -0.0176222 -0.0208575 0.00593479 0.999765 57.0834
0.996929 -0.0755127 0.020756 -3.61004 0.0756232 0.997126 -0.00458919 -0.0101515 -0.0203498 0.00614473 0.999774 58.0216
0.996912 -0.0770747 0.0150391 -3.69231 0.077116 0.99702 -0.00219032 -0.0120357 -0.0148255 0.00334331 0.999885 58.9252
0.996921 -0.0780254 0.0077859 -3.77607 0.0780234 0.996951 0.000553495 -0.0172355 -0.00780535 5.56925e-05 0.99997 59.8359
0.996859 -0.0790776 0.00431131 -3.85023 0.0790585 0.99686 0.00443858 -0.00373824 -0.00464876 -0.0040838 0.999981 60.7695
0.996807 -0.0796872 0.0051365 -3.92957 0.0796523 0.9968 0.0066824 0.00265078 -0.00565257 -0.00625193 0.999964 61.674
0.996708 -0.080725 0.00749461 -4.00802 0.080662 0.996707 0.0083535 0.000704191 -0.00814426 -0.00772147 0.999937 62.5557
0.996625 -0.0816451 0.00851977 -4.08924 0.0815629 0.996622 0.0095909 -0.00659215 -0.00927404 -0.00886364 0.999918 63.4274
0.996515 -0.0829448 0.00880373 -4.16874 0.0828528 0.996508 0.0103493 -0.010231 -0.00963141 -0.00958384 0.999908 64.2768
0.996398 -0.0843014 0.00913709 -4.24375 0.0842004 0.996389 0.0109246 -0.0115434 -0.010025 -0.0101159 0.999899 65.119
0.996259 -0.0859043 0.00941186 -4.31876 0.085801 0.996253 0.0108792 -0.0173503 -0.0103112 -0.010031 0.999897 65.9451
0.996119 -0.0874041 0.0103238 -4.38747 0.0872867 0.996119 0.0113214 -0.0200667 -0.0112733 -0.0103764 0.999883 66.7592
0.99598 -0.0887322 0.0122976 -4.4623 0.0885705 0.995983 0.0131197 -0.0174661 -0.0134124 -0.0119777 0.999838 67.5646
0.995803 -0.0900376 0.0164096 -4.54761 0.0898218 0.995867 0.0134479 -0.00129512 -0.0175526 -0.0119175 0.999775 68.3562
0.995572 -0.0918603 0.0199359 -4.62827 0.0916025 0.995704 0.0134832 0.00288989 -0.0210888 -0.0115973 0.99971 69.1235
0.995454 -0.0933068 0.019095 -4.70166 0.0929845 0.99552 0.0171275 -0.00449464 -0.0206075 -0.0152741 0.999671 69.8732
0.995424 -0.0946295 0.0132584 -4.76979 0.0943633 0.995348 0.0194404 -0.00607404 -0.0150363 -0.0181004 0.999723 70.582
0.995375 -0.0958066 0.00703962 -4.85229 0.0956495 0.995214 0.0200132 0.00534161 -0.00892333 -0.0192474 0.999775 71.2891
0.995315 -0.0966121 0.00380649 -4.92868 0.0965163 0.995125 0.020258 0.00958051 -0.0057451 -0.0197957 0.999788 71.989
0.995229 -0.0974358 0.00495623 -5.00289 0.0973106 0.995028 0.0211964 0.00948361 -0.00699687 -0.020613 0.999763 72.6873
0.995097 -0.098539 0.00850681 -5.08006 0.0983456 0.994936 0.0207599 0.00729317 -0.0105094 -0.0198216 0.999748 73.3452
0.995009 -0.0994155 0.00855384 -5.14622 0.0992344 0.994873 0.0194862 -0.00143172 -0.0104472 -0.0185401 0.999774 73.964
0.99503 -0.0994608 0.00472881 -5.19867 0.0993837 0.994945 0.014424 -0.010908 -0.00613952 -0.0138824 0.999885 74.5672
0.995131 -0.0985576 -0.000104748 -5.2519 0.0985549 0.995095 0.00849087 -0.01195 -0.000732605 -0.00845986 0.999964 75.1766
0.995369 -0.0960889 -0.00265191 -5.31289 0.0961084 0.995334 0.00861354 -0.00711744 0.00181187 -0.00882852 0.999959 75.7546
0.995761 -0.0919703 -0.0013563 -5.38134 0.0919801 0.995683 0.0124624 0.00594939 0.000204266 -0.0125344 0.999921 76.3114
0.996201 -0.0870485 0.00233566 -5.43677 0.0870066 0.996105 0.0143015 0.000419457 -0.00357148 -0.0140439 0.999895 76.8655
0.996627 -0.0817143 0.00755381 -5.47777 0.0816167 0.996586 0.0124347 -0.00239639 -0.00854412 -0.0117763 0.999894 77.3964
0.997176 -0.0741535 0.0118755 -5.50013 0.0740492 0.997214 0.00899607 -0.0170517 -0.0125096 -0.0080913 0.999889 77.9405
0.997853 -0.0641731 0.0130549 -5.53927 0.0640574 0.997905 0.00909018 -0.023515 -0.0136109 -0.0082344 0.999873 78.4502
0.998653 -0.0503893 0.0123975 -5.5766 0.0502272 0.998652 0.0130549 -0.0201343 -0.0130386 -0.0124146 0.999838 78.952
0.999397 -0.0325668 0.0120659 -5.59969 0.032342 0.999308 0.0183787 -0.00623845 -0.0126561 -0.0179774 0.999758 79.45
0.999855 -0.0111769 0.0128773 -5.58908 0.0109236 0.999749 0.0195719 0.00467316 -0.0130928 -0.0194284 0.999726 79.9241
0.999793 0.0144265 0.014376 -5.57099 -0.0146613 0.999759 0.0163631 -0.00469306 -0.0141365 -0.0165705 0.999763 80.3987
0.998913 0.0436829 0.0162417 -5.53663 -0.0439065 0.998942 0.0136798 -0.00355592 -0.015627 -0.014378 0.999775 80.845
0.996915 0.0763897 0.0180221 -5.49512 -0.0766278 0.996976 0.0129095 -0.000609073 -0.0169815 -0.0142506 0.999754 81.2879
0.993373 0.113319 0.0192163 -5.43099 -0.113579 0.993444 0.0130023 0.00282153 -0.0176169 -0.0150987 0.999731 81.7428
0.98781 0.154349 0.0201727 -5.34862 -0.154633 0.987882 0.0133352 0.0132347 -0.0178699 -0.016292 0.999708 82.1668
0.979747 0.19915 0.0208451 -5.24662 -0.199447 0.979818 0.0133098 0.016692 -0.0177737 -0.0171978 0.999694 82.5899
0.968601 0.247794 0.0202812 -5.12723 -0.248115 0.96861 0.0152513 0.0138112 -0.0158654 -0.0198045 0.999678 83.0147
0.953696 0.300149 0.0193492 -4.98823 -0.300469 0.953649 0.0164888 0.00976023 -0.0135032 -0.0215391 0.999677 83.397
0.934444 0.355657 0.0179814 -4.80699 -0.355952 0.934344 0.0172962 0.0170403 -0.0106493 -0.0225628 0.999689 83.7826
0.910749 0.412595 0.0173427 -4.6278 -0.412869 0.910626 0.0172936 0.0187878 -0.00865742 -0.0229104 0.9997 84.1393
0.882346 0.470304 0.0167527 -4.41668 -0.470555 0.8822 0.0173392 0.0326013 -0.00662451 -0.0231822 0.999709 84.4712
0.849252 0.527764 0.0153822 -4.16567 -0.527966 0.84912 0.0157327 0.0282141 -0.00475822 -0.0214823 0.999758 84.8009
0.812636 0.582591 0.0145315 -3.9241 -0.582763 0.812509 0.0147305 0.0271873 -0.00322516 -0.020439 0.999786 85.0922
0.772651 0.634657 0.0148502 -3.64928 -0.634823 0.772545 0.0131553 0.0237809 -0.00312335 -0.0195917 0.999803 85.3752
0.730105 0.683124 0.0169714 -3.387 -0.683323 0.730016 0.0121029 0.0283665 -0.00412157 -0.0204333 0.999783 85.6229
0.685016 0.728293 0.0184984 -3.09384 -0.728514 0.68494 0.0111378 0.0243586 -0.00455873 -0.0211059 0.999767 85.8681
0.638035 0.769811 0.017406 -2.76671 -0.77 0.637967 0.00990138 0.020454 -0.00348231 -0.0197201 0.999799 86.0976
0.590795 0.806698 0.0141493 -2.46914 -0.806818 0.590756 0.00719046 0.00874251 -0.00255825 -0.015664 0.999874 86.2732
0.543324 0.839424 0.0129194 -2.13717 -0.839522 0.543277 0.00722059 0.0124417 -0.000957656 -0.0147692 0.99989 86.4566
0.496305 0.868014 0.015258 -1.82026 -0.868148 0.496219 0.0092641 0.0141398 0.00047006 -0.017844 0.999841 86.6213
0.450223 0.892746 0.0174312 -1.49285 -0.892913 0.450082 0.0115476 0.012 0.00246355 -0.0207636 0.999781 86.7724
0.406186 0.913672 0.0147382 -1.14275 -0.913781 0.406057 0.0110188 0.00555688 0.00408303 -0.0179432 0.999831 86.9059
0.365186 0.930916 0.00591737 -0.774649 -0.930931 0.365158 0.00524166 -0.0100858 0.00271877 -0.00742284 0.999969 86.9917
0.328821 0.94439 -0.00205649 -0.419767 -0.944392 0.32882 -0.000865707 -0.0149754 -0.00014135 0.0022268 0.999998 87.0849
0.295373 0.955376 -0.00336246 -0.0516598 -0.955382 0.295369 -0.00162488 -0.00422162 -0.000559199 0.00369238 0.999993 87.1919
0.264591 0.964356 0.00300922 0.321994 -0.964355 0.264576 0.00442555 0.0124162 0.00347164 -0.00407291 0.999986 87.2972
0.236379 0.971597 0.0111548 0.690265 -0.971623 0.236254 0.0115028 0.00920845 0.0085407 -0.0135573 0.999872 87.4003
0.210265 0.977556 0.0131779 1.08389 -0.97757 0.210064 0.0151873 -0.0139668 0.0120783 -0.0160757 0.999798 87.4697
0.186847 0.98236 0.00751582 1.47326 -0.982279 0.186706 0.0163981 -0.0315103 0.0147056 -0.0104466 0.999837 87.5264
0.165868 0.986146 -0.00177685 1.87237 -0.98596 0.165871 0.0192285 -0.0248511 0.0192568 -0.00143748 0.999814 87.5798
0.146272 0.989222 -0.00659529 2.30108 -0.988894 0.146394 0.0256364 -0.0148846 0.0263256 0.00277215 0.99965 87.6347
0.128592 0.991682 -0.00552934 2.73447 -0.991248 0.128699 0.0293836 -0.0148858 0.0298508 0.00170246 0.999553 87.6974
0.112902 0.993603 -0.00262965 3.19799 -0.993212 0.112932 0.0278485 -0.0312014 0.0279673 -0.000532359 0.999609 87.7558
0.0984369 0.995142 -0.00163023 3.66532 -0.994869 0.0984481 0.0233312 -0.0553784 0.0233784 -0.000674789 0.999726 87.7957
0.0854303 0.996342 -0.00225251 4.13269 -0.996157 0.0854579 0.0191987 -0.0664754 0.019321 0.000603703 0.999813 87.8304
0.0734918 0.997278 -0.00593904 4.63624 -0.997142 0.0735837 0.0171129 -0.0856924 0.0175034 0.00466441 0.999836 87.8593
0.0629913 0.997975 -0.00887886 5.15111 -0.99786 0.0631355 0.0170307 -0.0968352 0.0175568 0.00778707 0.999816 87.8858
0.054527 0.998461 -0.0101389 5.6799 -0.998343 0.0547017 0.0178331 -0.10445 0.0183603 0.00914971 0.99979 87.9012
0.0482839 0.998768 -0.011474 6.21857 -0.99866 0.0484864 0.0180744 -0.108868 0.0186085 0.0105859 0.999771 87.9325
0.043231 0.998996 -0.0117529 6.7777 -0.99888 0.0434463 0.018729 -0.123943 0.0192209 0.0109301 0.999756 87.9649
0.0380594 0.999195 -0.0126819 7.36333 -0.999075 0.038303 0.0195597 -0.13294 0.0200297 0.0119258 0.999728 87.9824
0.0333787 0.999328 -0.0151345 7.96871 -0.999244 0.0336702 0.0194359 -0.14736 0.0199324 0.0144743 0.999697 88.0041
0.0300303 0.999433 -0.0152206 8.57147 -0.999358 0.0303185 0.019074 -0.1637 0.0195247 0.014638 0.999702 88.0237
0.0269069 0.999521 -0.0152898 9.19239 -0.999457 0.0271903 0.018636 -0.179511 0.0190428 0.01478 0.999709 88.045
0.0243899 0.999561 -0.0168053 9.84947 -0.99953 0.0246946 0.0181718 -0.187642 0.0185788 0.0163542 0.999694 88.0705
0.0235325 0.999534 -0.019418 10.532 -0.999559 0.0238763 0.01767 -0.201786 0.0181254 0.0189936 0.999655 88.0868
0.0242639 0.999402 -0.0246183 11.2309 -0.999543 0.0246973 0.017456 -0.215989 0.0180535 0.0241834 0.999545 88.0949
0.0267348 0.999285 -0.0267239 11.9468 -0.999477 0.027207 0.0174651 -0.2293 0.0181797 0.026243 0.99949 88.1178
0.0299683 0.999176 -0.0273636 12.6824 -0.999386 0.0304496 0.0173451 -0.240642 0.018164 0.0268269 0.999475 88.1427
0.0333118 0.999053 -0.0280021 13.4179 -0.99928 0.0338016 0.0172052 -0.251975 0.0181354 0.0274088 0.99946 88.1701
0.037429 0.998877 -0.0290636 14.179 -0.999147 0.0379151 0.0163602 -0.274701 0.0174438 0.0284265 0.999444 88.1944
0.041812 0.998661 -0.0304513 14.9552 -0.998996 0.0422781 0.0148266 -0.286396 0.0160942 0.0298008 0.999426 88.2296
0.0462141 0.998445 -0.0311591 15.741 -0.998826 0.0466401 0.0130887 -0.297488 0.0145216 0.0305176 0.999429 88.2688
0.0502886 0.998286 -0.0299268 16.5526 -0.99865 0.0506513 0.0114864 -0.303291 0.0129825 0.0293088 0.999486 88.3178
0.0544818 0.99815 -0.0269724 17.3621 -0.998431 0.0548063 0.0114392 -0.313561 0.0128963 0.0263068 0.999571 88.3652
0.0581041 0.998025 -0.0238746 18.1735 -0.998193 0.0584477 0.0139578 -0.335493 0.0153257 0.0230205 0.999618 88.421
0.0605272 0.997941 -0.0212357 18.9779 -0.997961 0.0609328 0.0190066 -0.350643 0.0202614 0.020042 0.999594 88.4816
0.0611424 0.997975 -0.0175476 19.7979 -0.997837 0.0615406 0.0231282 -0.370386 0.0241613 0.0160955 0.999578 88.5453
0.0618827 0.997998 -0.0130699 20.63 -0.997768 0.0621869 0.0243212 -0.390676 0.0250853 0.0115356 0.999619 88.6126
0.0621152 0.998008 -0.0110648 21.4573 -0.997798 0.0623527 0.0225952 -0.416703 0.0232401 0.00963693 0.999683 88.6789
0.0619468 0.998025 -0.0104615 22.2783 -0.997862 0.0621485 0.0202049 -0.445529 0.0208151 0.0091875 0.999741 88.7352
0.0621201 0.998019 -0.0100041 23.1034 -0.997888 0.0622966 0.0184203 -0.467779 0.019007 0.0088387 0.99978 88.786
0.0627078 0.998 -0.00799508 23.9247 -0.997864 0.0628423 0.0178539 -0.4896 0.0183207 0.00685842 0.999809 88.8451
0.0632196 0.99798 -0.00622282 24.7463 -0.99784 0.0633199 0.0175188 -0.511736 0.0178774 0.00510185 0.999827 88.9049
0.0626482 0.99803 -0.00338851 25.5664 -0.997855 0.0627012 0.0188364 -0.543147 0.0190117 0.00220118 0.999817 88.9633
0.0603071 0.99818 -0.00068699 26.3949 -0.997991 0.060309 0.0194291 -0.56842 0.0194352 -0.000486105 0.999811 89.0205
0.0566519 0.998392 0.0018036 27.2161 -0.998218 0.056608 0.0188542 -0.580212 0.0187218 -0.00286851 0.999821 89.0781
0.0516115 0.998663 0.00275401 28.0419 -0.998527 0.0515578 0.0169172 -0.600383 0.0167526 -0.00362307 0.999853 89.1297
0.0452034 0.998966 0.0047871 28.858 -0.998875 0.0451294 0.014578 -0.619177 0.0143469 -0.00544069 0.999882 89.182
0.0378018 0.99927 0.00559942 29.6811 -0.999195 0.0377223 0.0136886 -0.641751 0.0134674 -0.00611237 0.999891 89.221
0.0289728 0.999565 0.00544898 30.4857 -0.999479 0.028892 0.0143731 -0.654261 0.0142094 -0.00586257 0.999882 89.2527
0.0189787 0.999807 0.0051552 31.2923 -0.999697 0.0188953 0.0157653 -0.672732 0.0156648 -0.00545284 0.999862 89.2717
0.0083467 0.999959 0.00354622 32.1009 -0.999833 0.0082878 0.0163117 -0.692428 0.0162816 -0.00368178 0.999861 89.285
-0.00240062 0.999992 0.00321963 32.8993 -0.999869 -0.00245191 0.0160233 -0.712721 0.0160311 -0.00318074 0.999866 89.2901
-0.0136564 0.999904 0.00252971 33.702 -0.999789 -0.0136936 0.0153186 -0.732198 0.0153518 -0.00231997 0.999879 89.2868
-0.0249515 0.999687 0.00177762 34.4959 -0.999566 -0.0249762 0.0155914 -0.752809 0.015631 -0.00138782 0.999877 89.2624
-0.0362707 0.999341 0.00148024 35.2804 -0.999218 -0.0362895 0.0156965 -0.772165 0.0157398 -0.000909758 0.999876 89.2315
-0.0474979 0.998869 0.00204921 36.0594 -0.99874 -0.0475248 0.0161211 -0.794741 0.0162003 -0.00128091 0.999868 89.1951
-0.0580089 0.998313 0.00232504 36.8363 -0.998174 -0.0580398 0.0167409 -0.809795 0.0168476 -0.00134967 0.999857 89.1635
-0.0679712 0.997686 0.00180662 37.5928 -0.997544 -0.067992 0.0168501 -0.829784 0.0169339 -0.000656866 0.999856 89.1152
-0.0779171 0.996959 0.00128361 38.3488 -0.996816 -0.0779277 0.0168632 -0.849836 0.016912 3.44044e-05 0.999857 89.0594
-0.0870662 0.996203 0.000166072 39.0901 -0.996057 -0.0870563 0.0170499 -0.872687 0.0169996 0.00131905 0.999855 88.9946
-0.0956341 0.995415 -0.00172706 39.8304 -0.995285 -0.0955931 0.0164463 -0.890482 0.0162058 0.00329174 0.999863 88.9296
-0.103671 0.99461 -0.0018448 40.5692 -0.994488 -0.103628 0.0159414 -0.916412 0.0156643 0.00348729 0.999871 88.8389
-0.10935 0.993994 -0.00437851 41.282 -0.993903 -0.109276 0.0146665 -0.938421 0.0140999 0.0059556 0.999883 88.7511
-0.113355 0.993531 -0.00687955 41.9845 -0.993479 -0.113258 0.0131322 -0.952053 0.0122681 0.00832329 0.99989 88.6694
-0.116062 0.993196 -0.00955963 42.6956 -0.993185 -0.115948 0.0117909 -0.966603 0.0106023 0.010863 0.999885 88.587
-0.117921 0.992948 -0.0121947 43.3738 -0.992978 -0.11779 0.0109544 -0.981102 0.00944078 0.0134008 0.999866 88.5084
-0.118579 0.992871 -0.0121102 44.0332 -0.992904 -0.118455 0.0104857 -0.996684 0.00897646 0.0132677 0.999872 88.4272
-0.117687 0.992964 -0.013162 44.6968 -0.993005 -0.117544 0.0111275 -1.00987 0.00950208 0.0143794 0.999851 88.3518
-0.115111 0.993248 -0.014394 45.3365 -0.993296 -0.114937 0.0123492 -1.02812 0.0106114 0.015719 0.99982 88.2887
-0.110068 0.993807 -0.0152333 45.962 -0.993855 -0.109867 0.0134638 -1.03952 0.0117068 0.0166217 0.999793 88.2228
-0.102137 0.994639 -0.0161786 46.5631 -0.994692 -0.101911 0.0142246 -1.04835 0.0124996 0.0175456 0.999768 88.1678
-0.0908908 0.995747 -0.0150623 47.1563 -0.995779 -0.0906794 0.0141706 -1.06239 0.0127445 0.0162867 0.999786 88.119
-0.0770309 0.996923 -0.0144871 47.7392 -0.996941 -0.0768233 0.0143834 -1.07783 0.0132262 0.0155507 0.999792 88.0836
-0.0592573 0.998152 -0.0134227 48.2816 -0.998142 -0.0590552 0.0149822 -1.09259 0.0141618 0.0142855 0.999798 88.0581
-0.03747 0.999217 -0.012737 48.8145 -0.999167 -0.0372559 0.0166467 -1.10895 0.0161591 0.0133502 0.99978 88.0477
-0.0123705 0.999852 -0.0119333 49.339 -0.999748 -0.0121436 0.0189054 -1.1239 0.0187577 0.0121641 0.99975 88.0545
0.0161846 0.999822 -0.00973302 49.862 -0.99964 0.0163886 0.0212647 -1.13759 0.0214204 0.00938535 0.999727 88.0727
0.0479749 0.998813 -0.00838732 50.3951 -0.998589 0.0481522 0.0224059 -1.14917 0.0227832 0.00730057 0.999714 88.1127
0.084798 0.996368 -0.00778147 50.9307 -0.99616 0.0849459 0.021204 -1.15295 0.021788 0.00595353 0.999745 88.1822
0.126201 0.991979 -0.00713786 51.4403 -0.991825 0.126311 0.0181217 -1.16183 0.0188779 0.00479254 0.99981 88.2724
0.171131 0.985237 -0.00475746 51.9344 -0.985145 0.171181 0.0136679 -1.18069 0.0142805 0.00234779 0.999895 88.3934
0.218763 0.975777 -0.00144681 52.4278 -0.975722 0.218766 0.0103877 -1.19857 0.0104526 -0.000860769 0.999945 88.5394
0.269696 0.962943 0.00222228 52.9056 -0.962915 0.269669 0.00852276 -1.20221 0.00760765 -0.00443842 0.999961 88.6944
0.323182 0.946333 0.00282714 53.3734 -0.946312 0.32315 0.00824421 -1.20467 0.00688817 -0.00533973 0.999962 88.8883
0.379743 0.925092 0.000887839 53.8208 -0.925059 0.379721 0.00885328 -1.21764 0.00785296 -0.00418328 0.99996 89.101
0.438781 0.898588 -0.0034706 54.2274 -0.898519 0.438791 0.0112678 -1.23235 0.011648 -0.00182568 0.99993 89.3208
0.498495 0.866845 -0.00913329 54.6295 -0.866717 0.498578 0.014904 -1.24269 0.0174731 0.000486396 0.999847 89.5827
0.557248 0.830256 -0.0122096 55.0037 -0.830034 0.557381 0.0192305 -1.24989 0.0227716 -0.000581761 0.999741 89.859
0.613487 0.789596 -0.0130814 55.3646 -0.789265 0.613614 0.0231984 -1.2487 0.0263443 -0.00390719 0.999645 90.1792
0.666715 0.745177 -0.0141911 55.693 -0.744772 0.666836 0.0253861 -1.25235 0.0283803 -0.00635613 0.999577 90.5096
0.71631 0.697608 -0.0155626 55.9927 -0.697206 0.716447 0.0246656 -1.26337 0.0283567 -0.00681785 0.999575 90.8435
0.762174 0.647237 -0.0132502 56.2758 -0.646944 0.762254 0.020773 -1.28876 0.0235451 -0.00726049 0.999696 91.2245
0.804132 0.594384 -0.00897511 56.5331 -0.594221 0.804149 0.0156991 -1.29883 0.0165486 -0.00729096 0.999836 91.6088
0.841634 0.540034 -0.00388882 56.7584 -0.53996 0.841605 0.0120336 -1.30682 0.00977142 -0.0080281 0.99992 91.9941
0.874126 0.485699 0.00058094 56.9632 -0.485683 0.874084 0.00943124 -1.30625 0.00407296 -0.00852624 0.999955 92.4203
0.901118 0.433537 0.00562663 57.1424 -0.433571 0.901082 0.00823758 -1.31246 -0.00149876 -0.00986258 0.99995 92.8554
0.922691 0.385408 0.0101088 57.3019 -0.385494 0.922669 0.00872094 -1.32013 -0.00596593 -0.0119436 0.999911 93.2777
0.939321 0.342781 0.0133303 57.4495 -0.342945 0.939266 0.0129655 -1.31848 -0.00807641 -0.0167503 0.999827 93.7333
0.951843 0.306261 0.0141022 57.5761 -0.306488 0.951695 0.0185102 -1.32238 -0.00775206 -0.0219409 0.999729 94.1868
0.96123 0.275446 0.0129331 57.7011 -0.275681 0.960978 0.0228344 -1.31377 -0.00613873 -0.0255145 0.999656 94.6558
0.96772 0.251788 0.0109631 57.8209 -0.25197 0.967508 0.0209765 -1.30669 -0.00532522 -0.0230618 0.99972 95.1453
0.971892 0.235216 0.00992141 57.9332 -0.235356 0.971765 0.0167446 -1.31342 -0.00570268 -0.018609 0.999811 95.6341
0.974646 0.223526 0.0100589 58.0409 -0.223673 0.974511 0.0172568 -1.3136 -0.00594514 -0.0190692 0.9998 96.1302
0.976428 0.215589 0.0105052 58.123 -0.215769 0.976215 0.0211562 -1.3066 -0.00569427 -0.0229242 0.999721 96.6306
0.97776 0.209439 0.0109674 58.2255 -0.209663 0.97741 0.0266517 -1.29877 -0.00513773 -0.0283584 0.999585 97.1438
0.978308 0.206944 0.00939514 58.3252 -0.207146 0.97772 0.0339584 -1.29516 -0.00215833 -0.0351679 0.999379 97.6591
0.978389 0.20666 0.00680582 58.4252 -0.206769 0.977668 0.0375797 -1.29467 0.00111239 -0.0381748 0.99927 98.192
0.977958 0.208769 0.0035594 58.5441 -0.208753 0.977244 0.0376425 -1.2965 0.00438019 -0.0375558 0.999285 98.7396
0.977014 0.213172 -0.0014812 58.6782 -0.21297 0.976346 0.0373045 -1.3031 0.00939846 -0.0361316 0.999303 99.2972
0.9759 0.218115 -0.00665834 58.8003 -0.217728 0.975304 0.037105 -1.31163 0.0145871 -0.0347611 0.999289 99.8584
0.974749 0.223166 -0.00777405 58.9134 -0.222696 0.974079 0.0397174 -1.31731 0.0164361 -0.0369833 0.999181 100.433
0.97353 0.228515 -0.00445555 59.0405 -0.22814 0.972742 0.0415322 -1.32611 0.0138248 -0.0394164 0.999127 101.026
0.972476 0.233002 0.000358019 59.179 -0.232826 0.971675 0.0404849 -1.33551 0.0090852 -0.039454 0.99918 101.629
0.971511 0.236923 0.00588516 59.3402 -0.236974 0.970783 0.0377261 -1.3341 0.00322496 -0.038046 0.999271 102.236
0.970523 0.240749 0.0111656 59.5003 -0.240995 0.969908 0.0346452 -1.33086 -0.00248878 -0.0363148 0.999337 102.856
0.969712 0.243947 0.0122159 59.6689 -0.244213 0.969244 0.0304259 -1.33246 -0.00441784 -0.0324877 0.999462 103.499
0.969347 0.245516 0.00934985 59.8294 -0.245681 0.96899 0.0264272 -1.33486 -0.00257161 -0.0279142 0.999607 104.148
0.969489 0.245121 0.00269948 59.996 -0.245115 0.969206 0.0236377 -1.34637 0.00317776 -0.0235782 0.999717 104.793
0.969742 0.244095 -0.00421154 60.1569 -0.243906 0.969444 0.0262161 -1.34927 0.0104821 -0.0243957 0.999647 105.451
0.970211 0.242113 -0.0085093 60.3114 -0.241736 0.969819 0.0318671 -1.34832 0.0159679 -0.0288608 0.999456 106.128
0.970804 0.239755 -0.00753768 60.4724 -0.239352 0.970285 0.0354767 -1.32973 0.0158194 -0.0326368 0.999342 106.833
0.971229 0.238143 -0.00151814 60.6427 -0.237957 0.970684 0.033912 -1.33536 0.00954956 -0.0325751 0.999424 107.54
0.971695 0.236189 0.00484199 60.8231 -0.236224 0.971206 0.0309204 -1.33904 0.00260049 -0.031189 0.99951 108.262
0.972159 0.234198 0.00760533 60.9916 -0.234322 0.971701 0.0298403 -1.35527 -0.00040157 -0.0307916 0.999526 108.99
0.972624 0.232299 0.0062905 61.1527 -0.232376 0.972013 0.0345309 -1.36053 0.00190704 -0.0350473 0.999384 109.727
0.973249 0.229751 0.00131648 61.3137 -0.229628 0.972508 0.0387274 -1.37334 0.00761736 -0.0379937 0.999249 110.47
0.974134 0.225941 -0.00358951 61.485 -0.225607 0.973349 0.0411458 -1.3687 0.0127904 -0.0392717 0.999147 111.223
0.975089 0.221753 -0.00525833 61.6678 -0.221381 0.974388 0.0394763 -1.37309 0.0138776 -0.0373288 0.999207 111.991
0.975943 0.217986 -0.0042527 61.8451 -0.21771 0.975386 0.0349861 -1.39202 0.0117745 -0.0332186 0.999379 112.794
0.976521 0.215418 -0.00160791 62.0188 -0.215262 0.976048 0.0314979 -1.39973 0.00835463 -0.0304122 0.999503 113.599
0.976727 0.214485 0.000716622 62.1959 -0.214419 0.976332 0.028295 -1.40532 0.00536919 -0.0277902 0.999599 114.396
0.976898 0.213692 0.00259987 62.375 -0.21369 0.976586 0.0248393 -1.41175 0.00276897 -0.024821 0.999688 115.194
0.977026 0.213074 0.00435151 62.5519 -0.213119 0.976787 0.0216253 -1.41691 0.000357303 -0.0220559 0.999757 115.994
0.976932 0.213518 0.00381438 62.7134 -0.213548 0.976637 0.0240252 -1.42606 0.00140456 -0.0242855 0.999704 116.805
0.976739 0.214418 0.00257114 62.8744 -0.2144 0.976305 0.0293604 -1.43542 0.00378517 -0.0292286 0.999566 117.616
0.97652 0.215422 0.00156347 63.0307 -0.215322 0.975784 0.0384872 -1.4437 0.00676538 -0.0379201 0.999258 118.448
0.97602 0.217662 0.00302452 63.2005 -0.217554 0.97487 0.0479475 -1.45253 0.00748782 -0.0474557 0.998845 119.292
0.975327 0.220707 0.00504285 63.37 -0.220668 0.973967 0.051912 -1.45781 0.0065458 -0.051744 0.998639 120.131
0.974654 0.223638 0.00604544 63.5511 -0.223636 0.973194 0.0536673 -1.46965 0.00611866 -0.053659 0.998541 120.973
0.974091 0.226094 0.00529492 63.7328 -0.226048 0.972633 0.0537306 -1.4784 0.00699816 -0.0535354 0.998541 121.812
0.973722 0.227706 0.00394887 63.9358 -0.227616 0.97247 0.0499369 -1.48725 0.00753077 -0.0495234 0.998745 122.654
0.97367 0.22795 0.00257481 64.138 -0.227837 0.972685 0.0444295 -1.50413 0.00762322 -0.0438463 0.999009 123.488
0.973491 0.228718 0.00199708 64.3401 -0.228607 0.972661 0.0408532 -1.5245 0.00740138 -0.0402268 0.999163 124.327
0.973192 0.22997 0.00322142 64.5388 -0.229909 0.972369 0.0405088 -1.5364 0.00618341 -0.0401635 0.999174 125.161
0.972876 0.231178 0.00830274 64.7259 -0.231321 0.971982 0.0417225 -1.53988 0.0015752 -0.0425115 0.999095 126.013
0.972568 0.232235 0.0133823 64.917 -0.232603 0.971582 0.043874 -1.52838 -0.00281292 -0.0457832 0.998947 126.854
0.972283 0.233509 0.0118127 65.1054 -0.233805 0.971256 0.04469 -1.53262 -0.00103769 -0.0462132 0.998931 127.678
0.972171 0.234259 0.00238386 65.301 -0.234135 0.971211 0.0439365 -1.54983 0.0079773 -0.043272 0.999031 128.485
0.972098 0.23436 -0.0100882 65.4967 -0.233739 0.97136 0.0427256 -1.58541 0.0198125 -0.0391754 0.999036 129.297
0.972205 0.233771 -0.012974 65.6949 -0.233101 0.971634 0.039881 -1.6118 0.021929 -0.0357483 0.99912 130.132
0.972589 0.232498 -0.00400679 65.8903 -0.232226 0.972047 0.0345919 -1.6063 0.0119373 -0.0327132 0.999393 130.983
0.972836 0.231164 0.0124114 66.0954 -0.231423 0.97248 0.0269291 -1.59079 -0.0058448 -0.0290699 0.99956 131.835
0.972995 0.229866 0.0210463 66.2902 -0.230354 0.972791 0.0247792 -1.60887 -0.0147778 -0.0289581 0.999471 132.638
0.97327 0.228892 0.0187972 66.4641 -0.229388 0.972848 0.0307998 -1.61832 -0.011237 -0.0342883 0.999349 133.425
0.973566 0.228291 0.00720357 66.6285 -0.2284 0.972873 0.0367655 -1.62113 0.00138507 -0.0374389 0.999298 134.214
0.973982 0.22661 -0.00266065 66.8097 -0.226354 0.973321 0.0375615 -1.63661 0.0111015 -0.0359819 0.999291 135.03
0.974609 0.223812 -0.00674519 66.9973 -0.223435 0.974053 0.036015 -1.65902 0.0146308 -0.0335934 0.999328 135.855
0.975469 0.22006 -0.00576923 67.1847 -0.219715 0.974891 0.0362362 -1.67917 0.0135985 -0.0340798 0.999327 136.68
0.976471 0.215602 -0.00445484 67.3559 -0.215277 0.975795 0.0384664 -1.68618 0.0126404 -0.0366023 0.99925 137.492
0.977337 0.211658 -0.00350254 67.5222 -0.211333 0.976526 0.0416598 -1.69876 0.012238 -0.0399754 0.999126 138.295
0.977919 0.208965 -0.00279444 67.6881 -0.20862 0.976919 0.0459106 -1.7121 0.0123237 -0.0443139 0.998942 139.1
0.978194 0.207689 -0.001312 67.8445 -0.207383 0.977058 0.0484737 -1.72676 0.0113494 -0.0471446 0.998824 139.897
0.978384 0.206795 0.00110456 68.0054 -0.206605 0.977225 0.0484391 -1.74172 0.00893758 -0.0476202 0.998826 140.686
0.978674 0.205399 0.00287936 68.1769 -0.205299 0.977523 0.0479728 -1.75336 0.00703895 -0.0475409 0.998844 141.489
0.979114 0.203303 0.00196749 68.3438 -0.203174 0.978045 0.0463404 -1.77294 0.00749686 -0.0457723 0.998924 142.289
0.979856 0.199699 -0.00164036 68.5037 -0.199444 0.978959 0.0431461 -1.79766 0.0102221 -0.0419498 0.999067 143.074
0.981015 0.193882 -0.00438894 68.6586 -0.193552 0.98026 0.0403576 -1.81278 0.0121269 -0.0387419 0.999176 143.87
0.982372 0.186906 -0.00347882 68.8136 -0.186645 0.981702 0.0377569 -1.82862 0.0104722 -0.036442 0.999281 144.665
0.983608 0.180308 0.00183948 68.9577 -0.180259 0.982978 0.0355014 -1.83574 0.00459303 -0.0352511 0.999368 145.443
0.984483 0.175196 0.00994484 69.1015 -0.175436 0.983907 0.0339023 -1.84339 -0.00384526 -0.0351209 0.999376 146.255
0.985155 0.170877 0.0164245 69.2314 -0.171355 0.98461 0.0343576 -1.84762 -0.0103008 -0.036662 0.999275 147.054
0.985882 0.166584 0.0169297 69.3556 -0.16711 0.985249 0.0368665 -1.84242 -0.0105386 -0.0391752 0.999177 147.833
0.986898 0.160972 0.0109434 69.4672 -0.161282 0.986127 0.0392732 -1.85574 -0.00446973 -0.0405236 0.999169 148.614
0.987944 0.1548 0.00191227 69.5831 -0.154752 0.987146 0.0399327 -1.85911 0.0042939 -0.0397472 0.999201 149.394
0.988999 0.147897 -0.002881 69.7056 -0.147669 0.988242 0.0396318 -1.85855 0.00870857 -0.0387703 0.99921 150.206
0.990093 0.140392 -0.00237836 69.811 -0.140178 0.989278 0.0409811 -1.85717 0.00810631 -0.0402418 0.999157 151.023
0.991195 0.132406 -0.000990377 69.8982 -0.132229 0.990206 0.0448045 -1.86152 0.00691304 -0.0442791 0.998995 151.838
0.992371 0.123258 -0.00251657 69.9829 -0.12299 0.991211 0.0487282 -1.87901 0.00850059 -0.0480469 0.998809 152.643
0.993457 0.114075 -0.00557863 70.0733 -0.113657 0.992262 0.04999 -1.89371 0.0112381 -0.0490289 0.998734 153.456
0.99439 0.105601 -0.00601516 70.1634 -0.105172 0.993199 0.0499537 -1.90367 0.0112494 -0.0490409 0.998733 154.278
0.995232 0.097496 -0.00283495 70.2275 -0.0972283 0.993972 0.0506586 -1.90051 0.00775687 -0.0501414 0.998712 155.115
0.99597 0.0896259 0.00318695 70.2936 -0.0896693 0.994585 0.0525408 -1.9062 0.00153933 -0.0526149 0.998614 155.961
0.99662 0.0817314 0.00827633 70.3529 -0.0820585 0.995189 0.0535213 -1.9166 -0.00386214 -0.0540196 0.998532 156.8
0.997145 0.0746426 0.0114155 70.4056 -0.0751537 0.995705 0.0540601 -1.92546 -0.00733128 -0.0547636 0.998472 157.632
0.997512 0.0696193 0.0110987 70.4595 -0.0701204 0.996072 0.0540771 -1.93473 -0.00729029 -0.0547208 0.998475 158.451
0.997829 0.0654716 0.00711347 70.5008 -0.0657712 0.996208 0.0569471 -1.94382 -0.00335808 -0.0572913 0.998352 159.277
0.998089 0.0617856 0.00116594 70.5336 -0.0617407 0.996206 0.0613305 -1.94753 0.00262783 -0.0612852 0.998117 160.092
0.998247 0.0590837 -0.0035757 70.5726 -0.0587291 0.996173 0.0647282 -1.94736 0.0073864 -0.0644048 0.997897 160.904
0.998428 0.0559999 -0.00218111 70.6059 -0.0557305 0.99622 0.0666252 -1.94453 0.00590387 -0.0663989 0.997776 161.739
0.998567 0.053324 0.00447921 70.6404 -0.0535048 0.996287 0.0674523 -1.94107 -0.000865754 -0.0675953 0.997712 162.577
0.99866 0.0500673 0.0131164 70.6743 -0.0508504 0.996361 0.0684009 -1.94402 -0.009644 -0.0689762 0.997572 163.409
0.998822 0.0457553 0.0161615 70.7113 -0.046739 0.996664 0.0669074 -1.96104 -0.0130463 -0.0675839 0.997628 164.221
0.999089 0.041073 0.0115979 70.751 -0.0417145 0.997209 0.061913 -1.98038 -0.00902263 -0.0623404 0.998014 165.022
0.999378 0.0351432 0.00300277 70.7879 -0.0352571 0.997759 0.0568595 -1.97186 -0.000997822 -0.0569299 0.998378 165.834
0.99961 0.0278922 -0.00105767 70.8067 -0.0277879 0.998016 0.0564941 -1.97253 0.00263132 -0.0564427 0.998402 166.658
0.999796 0.0202019 0.000786203 70.8129 -0.0202143 0.998236 0.0558199 -1.96577 0.00034285 -0.0558243 0.998441 167.486
0.999899 0.012866 0.00599059 70.8241 -0.0131615 0.998549 0.0522213 -1.97283 -0.00531001 -0.0522949 0.998618 168.331
0.999924 0.00608134 0.0107198 70.8389 -0.00656097 0.998952 0.0452908 -1.96087 -0.0104331 -0.0453576 0.998916 169.176
0.999918 6.42166e-05 0.0128305 70.8551 -0.000561142 0.99925 0.0387301 -1.9597 -0.0128184 -0.0387341 0.999167 170.015
0.999934 -0.00624429 0.00961884 70.8518 0.00592023 0.999426 0.0333583 -1.96444 -0.00982162 -0.0332992 0.999397 170.842
0.999916 -0.0129091 0.000634007 70.8429 0.0128883 0.999582 0.0258884 -1.95311 -0.000967936 -0.0258781 0.999665 171.667
0.999778 -0.0197142 -0.00741571 70.8419 0.0198614 0.999596 0.0203344 -1.95927 0.00701184 -0.0204772 0.999766 172.494
0.999618 -0.0266381 -0.0073301 70.8252 0.0267786 0.999446 0.0197833 -1.95616 0.00679905 -0.019972 0.999777 173.345
0.999488 -0.0319842 0.000743495 70.7817 0.0319529 0.999131 0.0267462 -1.94149 -0.00159831 -0.0267088 0.999642 174.196
0.999257 -0.0366683 0.0118819 70.7284 0.0362823 0.998854 0.031221 -1.94765 -0.0130131 -0.0307667 0.999442 175.06
0.999039 -0.0402175 0.0174071 70.6879 0.0396389 0.998689 0.0324015 -1.9495 -0.0186874 -0.0316804 0.999323 175.891
0.999003 -0.0425946 0.0133512 70.651 0.0421471 0.998593 0.0321767 -1.96677 -0.0147029 -0.031582 0.999393 176.735
0.998976 -0.0451834 0.00248175 70.5907 0.0450599 0.99829 0.0372425 -1.96016 -0.00416025 -0.0370925 0.999303 177.563
0.998888 -0.0467499 -0.00605975 70.5366 0.0469615 0.998036 0.0414697 -1.95359 0.00410914 -0.0417081 0.999121 178.408
0.998796 -0.0485606 -0.0069174 70.4905 0.0488024 0.997981 0.0406481 -1.95414 0.00492953 -0.0409368 0.99915 179.265
0.998782 -0.0493297 -0.000989274 70.4501 0.0493325 0.998099 0.0369357 -1.9629 -0.00083463 -0.0369395 0.999317 180.128
0.998746 -0.0494684 0.0076606 70.4132 0.049171 0.998174 0.0350823 -1.95356 -0.00938208 -0.0346617 0.999355 180.984
0.998634 -0.0509059 0.0118097 70.3579 0.0504653 0.998112 0.0350046 -1.94599 -0.0135693 -0.0343608 0.999317 181.824
0.99857 -0.0528875 0.00777282 70.3094 0.0526101 0.99809 0.0323698 -1.93186 -0.00946993 -0.0319146 0.999446 182.653
0.998486 -0.0549634 -0.00228086 70.2764 0.0550066 0.998056 0.0292874 -1.95 0.00066669 -0.0293685 0.999568 183.484
0.998329 -0.0568165 -0.010525 70.2329 0.0570503 0.998096 0.0234386 -1.96305 0.00917326 -0.0239999 0.99967 184.331
0.998224 -0.0583128 -0.0121508 70.179 0.0585744 0.998031 0.0224218 -1.9673 0.0108194 -0.0230937 0.999675 185.196
0.998204 -0.0596222 -0.00586883 70.1186 0.0597497 0.997908 0.0246906 -1.95844 0.00438444 -0.0249969 0.999678 186.061
0.998152 -0.0607404 0.00200856 70.0674 0.0606689 0.997827 0.0257114 -1.96004 -0.00356592 -0.025542 0.999667 186.929
0.998076 -0.06183 0.00451591 70.0092 0.0616837 0.997719 0.0274373 -1.97507 -0.00620206 -0.027106 0.999613 187.776
0.998072 -0.062058 0.000837835 69.952 0.0620008 0.997578 0.0315205 -1.97807 -0.00279191 -0.0314078 0.999503 188.604
0.998068 -0.0620412 -0.00343196 69.8831 0.0621242 0.997434 0.0355789 -1.97784 0.0012158 -0.0357233 0.999361 189.458
0.998055 -0.0622273 -0.00368416 69.8108 0.06232 0.997399 0.0362037 -1.98607 0.00142172 -0.0363629 0.999338 190.31
0.998016 -0.0629425 -0.00144725 69.7463 0.062951 0.997253 0.0390408 -1.99458 -0.00101406 -0.0390545 0.999237 191.142
0.997979 -0.0635197 0.00158984 69.6873 0.0633929 0.997062 0.0429926 -1.99255 -0.00431605 -0.0428049 0.999074 191.983
0.997944 -0.0640181 0.00301188 69.6218 0.0638186 0.996949 0.0449442 -1.99944 -0.00587993 -0.0446596 0.998985 192.805
0.997925 -0.0643671 0.00128057 69.5632 0.0642449 0.996924 0.0448837 -2.00847 -0.00416567 -0.0447083 0.998991 193.627
0.997885 -0.0649104 -0.00343251 69.4996 0.065 0.996782 0.0469004 -2.00765 0.000377146 -0.0470243 0.998894 194.421
