1 -4.44089e-16 5.26496e-16 4.09457e-18 4.44089e-16 1 -5.26496e-16 -3.00683e-19 -5.26496e-16 5.26496e-16 1 3.03024e-17
0.999991 -0.00400245 -0.00112145 -0.00871699 0.00400407 0.999991 0.00145018 -0.00674759 0.00111564 -0.00145466 0.999998 0.70732
0.999967 -0.0077167 -0.00248067 -0.0188169 0.00772031 0.999969 0.00145168 -0.00455805 0.00246939 -0.00147078 0.999996 1.43069
0.999921 -0.0121583 -0.00329986 -0.0356617 0.0121679 0.999922 0.00291081 -0.00918873 0.00326421 -0.00295073 0.99999 2.16504
0.999861 -0.0163547 -0.00335454 -0.0508498 0.0163617 0.999864 0.00205649 -0.0150429 0.00332045 -0.00211109 0.999992 2.9058
0.999777 -0.020717 -0.00415738 -0.0784465 0.0207303 0.99978 0.00318971 -0.0233792 0.00409039 -0.00327518 0.999986 3.68418
0.999668 -0.025328 -0.00463293 -0.108001 0.0253577 0.999658 0.00647021 -0.0308749 0.00446746 -0.00658554 0.999968 4.45195
0.999555 -0.0295825 -0.00380794 -0.144749 0.0296138 0.999526 0.00843022 -0.0338523 0.00355675 -0.00853924 0.999957 5.25195
0.999426 -0.0338652 -0.00115491 -0.180972 0.0338737 0.99939 0.00844064 -0.0400474 0.000868366 -0.00847491 0.999964 6.05344
0.999291 -0.0376293 0.00112334 -0.209062 0.0376203 0.999266 0.00716379 -0.0476191 -0.00139208 -0.00711646 0.999974 6.87018
0.999195 -0.0401043 0.00106651 -0.248642 0.0400954 0.999169 0.00733372 -0.0547369 -0.00135974 -0.00728506 0.999973 7.6814
0.999102 -0.0423721 0.000372096 -0.290433 0.0423683 0.999076 0.00723227 -0.0556025 -0.000678198 -0.00721001 0.999974 8.50559
0.999024 -0.0441611 0.000318874 -0.327723 0.0441589 0.999011 0.00525628 -0.0645038 -0.000550682 -0.00523707 0.999986 9.33608
0.998923 -0.046394 0.00109029 -0.369804 0.0463878 0.99891 0.0052105 -0.0646698 -0.00133084 -0.00515431 0.999986 10.182
0.998849 -0.0479419 0.00134192 -0.407314 0.0479392 0.998848 0.00201182 -0.0713438 -0.00143682 -0.00194517 0.999997 11.036
0.998763 -0.0497259 -0.000806572 -0.457357 0.049729 0.998753 0.00444382 -0.0752667 0.000584594 -0.00447843 0.99999 11.9034
0.998682 -0.051206 -0.00337155 -0.510115 0.0512267 0.998667 0.00637 -0.0871025 0.00304088 -0.00653432 0.999974 12.779
0.998598 -0.0527086 -0.00491272 -0.559545 0.0527532 0.998563 0.00945859 -0.0872837 0.00440711 -0.00970449 0.999943 13.6568
0.998536 -0.0538559 -0.00494805 -0.613453 0.0539057 0.99849 0.0105565 -0.0939286 0.00437205 -0.0108078 0.999932 14.5432
0.998468 -0.0552379 -0.00336711 -0.663253 0.0552684 0.998424 0.00974811 -0.103375 0.00282334 -0.00991926 0.999947 15.4518
0.998403 -0.056448 -0.00208186 -0.719059 0.0564651 0.99836 0.00941028 -0.113199 0.00154725 -0.00951281 0.999954 16.3524
0.998338 -0.0576001 -0.00161114 -0.77344 0.0576129 0.998293 0.00957666 -0.125722 0.00105678 -0.00965358 0.999953 17.2581
0.998265 -0.0588289 -0.00266641 -0.82993 0.0588513 0.998224 0.00926632 -0.1293 0.00211655 -0.00940716 0.999954 18.17
0.998202 -0.0598676 -0.00295818 -0.891359 0.0598913 0.998167 0.00868756 -0.139448 0.00243265 -0.00884911 0.999958 19.0906
0.998143 -0.060903 -0.00133452 -0.942111 0.0609125 0.998104 0.00885242 -0.150915 0.000792846 -0.00891726 0.99996 20.0075
0.998141 -0.0609235 0.00193305 -1.0031 0.0609033 0.998101 0.0091984 -0.150908 -0.00248978 -0.00906356 0.999956 20.9417
0.998145 -0.0606341 0.00547063 -1.06948 0.0605794 0.998117 0.00966209 -0.155298 -0.00604618 -0.00931276 0.999938 21.8848
0.998223 -0.0589894 0.00839226 -1.12614 0.058901 0.998209 0.0104194 -0.156206 -0.00899186 -0.00990653 0.99991 22.8264
0.998313 -0.0572683 0.00953543 -1.18323 0.0571871 0.998327 0.00858553 -0.152962 -0.0100111 -0.00802575 0.999918 23.7821
0.998413 -0.0558972 0.00686933 -1.24344 0.0558341 0.998399 0.0090528 -0.151814 -0.00736436 -0.00865488 0.999935 24.7218
0.998508 -0.0545503 0.00233568 -1.31028 0.0545191 0.998443 0.011818 -0.155967 -0.00297672 -0.011673 0.999927 25.6917
0.998579 -0.0532896 -0.000462354 -1.36271 0.0532912 0.998504 0.012248 -0.160486 -0.000191026 -0.0122552 0.999925 26.6475
0.998631 -0.0523004 0.000669239 -1.4121 0.0522904 0.998575 0.0106449 -0.169057 -0.00122502 -0.0105953 0.999943 27.6169
0.998615 -0.0523156 0.00555435 -1.4653 0.0522795 0.998612 0.00644435 -0.168056 -0.00588378 -0.00614504 0.999964 28.6052
0.998549 -0.053022 0.00941504 -1.52132 0.0530101 0.998593 0.00150689 -0.164938 -0.00948169 -0.00100561 0.999955 29.5785
0.998518 -0.0535845 0.00950166 -1.56683 0.0536385 0.998545 -0.00552267 -0.173214 -0.00919191 0.00602414 0.99994 30.5531
0.99847 -0.0549865 0.00583763 -1.61718 0.0550188 0.99847 -0.00552706 -0.172943 -0.00552478 0.00583978 0.999968 31.5383
0.998384 -0.0567808 0.00218456 -1.67122 0.0567905 0.998375 -0.00462477 -0.178408 -0.00191841 0.00474136 0.999987 32.5143
0.99827 -0.0587804 0.00123302 -1.73951 0.058784 0.998266 -0.00314614 -0.175146 -0.00104595 0.00321318 0.999994 33.5033
0.998209 -0.0597381 0.00303766 -1.79877 0.0597541 0.998198 -0.00550302 -0.184898 -0.00270344 0.00567468 0.99998 34.5201
0.998113 -0.0611417 0.00560076 -1.87113 0.0611649 0.998119 -0.00406618 -0.179428 -0.00534161 0.00440108 0.999976 35.5206
0.99804 -0.0622035 0.00681336 -1.94139 0.0622074 0.998063 -0.000348712 -0.192282 -0.00677848 0.00077187 0.999977 36.53
0.99795 -0.063342 0.00919605 -2.01143 0.0633532 0.997991 -0.000930829 -0.188422 -0.00911861 0.00151152 0.999957 37.529
0.997927 -0.063096 0.0126472 -2.0779 0.0631084 0.998007 -0.000585509 -0.19264 -0.0125851 0.00138244 0.99992 38.533
0.99788 -0.0633947 0.014731 -2.1523 0.0633625 0.997987 0.00264609 -0.178554 -0.0148691 -0.00170709 0.999888 39.5382
0.997887 -0.0633938 0.0142327 -2.22069 0.0633287 0.99798 0.00497495 -0.182864 -0.0145194 -0.0040631 0.999886 40.5318
0.997911 -0.0633371 0.0127538 -2.28781 0.0632909 0.997987 0.00399509 -0.178915 -0.0129812 -0.00317954 0.999911 41.5351
0.997965 -0.06296 0.0100591 -2.36459 0.0628801 0.997989 0.00806427 -0.178559 -0.0105466 -0.00741534 0.999917 42.5434
0.997882 -0.0642678 0.0100274 -2.43281 0.0641819 0.997901 0.00866687 -0.179377 -0.0105633 -0.00800494 0.999912 43.5255
0.997783 -0.0655211 0.0116569 -2.4978 0.065472 0.997844 0.00454365 -0.176907 -0.0119295 -0.00377038 0.999922 44.5114
0.997715 -0.0663974 0.0125127 -2.56599 0.0663498 0.997788 0.00418153 -0.166376 -0.0127627 -0.00334176 0.999913 45.5118
0.997713 -0.0668605 0.0099031 -2.63441 0.0668101 0.997751 0.00533791 -0.176101 -0.0102377 -0.00466407 0.999937 46.4789
0.997704 -0.0675628 0.00468777 -2.71374 0.0675174 0.997675 0.0092389 -0.174497 -0.00530108 -0.00890118 0.999946 47.4667
0.99769 -0.0678357 0.00360656 -2.79158 0.0677958 0.997647 0.0102471 -0.183588 -0.00429319 -0.0099789 0.999941 48.4322
0.997647 -0.0682282 0.00677767 -2.85599 0.0681633 0.99763 0.00938841 -0.181366 -0.00740216 -0.00890433 0.999933 49.4085
0.99761 -0.0682457 0.0108232 -2.92395 0.0681834 0.997655 0.00602802 -0.190232 -0.0112092 -0.00527565 0.999923 50.4002
0.997569 -0.0687439 0.0113823 -2.99521 0.0686876 0.997624 0.00526257 -0.185609 -0.011717 -0.00446796 0.999921 51.3541
0.997581 -0.0686944 0.0106747 -3.05432 0.0686675 0.997635 0.00286806 -0.190831 -0.0108465 -0.00212811 0.999939 52.3172
0.99757 -0.0689909 0.00971 -3.12218 0.0689893 0.997617 0.000503218 -0.199778 -0.00972159 0.000167891 0.999953 53.2884
0.997477 -0.0701487 0.0108851 -3.19405 0.0701584 0.997536 -0.000508363 -0.195925 -0.0108226 0.00127076 0.999941 54.241
0.997367 -0.0708934 0.015299 -3.26216 0.0709563 0.997473 -0.0036068 -0.190847 -0.0150046 0.00468286 0.999876 55.1995
0.997222 -0.0715602 0.0206846 -3.327 0.0717043 0.997406 -0.00630905 -0.193848 -0.0201794 0.00777469 0.999766 56.1556
0.997134 -0.0721173 0.0228822 -3.40098 0.0722528 0.997373 -0.00514963 -0.177615 -0.0224507 0.00678817 0.999725 57.0992
0.99712 -0.0732981 0.0194754 -3.47397 0.0734125 0.997288 -0.00522385 -0.170684 -0.0190397 0.00663855 0.999797 58.0427
0.997117 -0.0749362 0.0119036 -3.55377 0.0749718 0.997182 -0.00257058 -0.164993 -0.0116774 0.0034556 0.999926 58.9583
0.997107 -0.075728 0.006579 -3.62646 0.0757337 0.997128 -0.000632219 -0.172643 -0.00651223 0.00112864 0.999978 59.8751
0.997037 -0.0766031 0.00695617 -3.71021 0.0765746 0.997055 0.00427517 -0.164783 -0.00726317 -0.00372983 0.999967 60.7909
0.996938 -0.0776638 0.00908571 -3.79159 0.0776031 0.996961 0.00685697 -0.170094 -0.00959063 -0.00613089 0.999935 61.6906
0.996817 -0.078998 0.0107341 -3.86795 0.0789206 0.996853 0.00745929 -0.172186 -0.0112895 -0.00658841 0.999915 62.5729
0.996742 -0.0799756 0.0104119 -3.94397 0.0798722 0.996755 0.00999384 -0.180332 -0.0111774 -0.00912967 0.999896 63.4463
0.996608 -0.0815403 0.0111344 -4.02327 0.0814232 0.996623 0.010593 -0.178808 -0.0119606 -0.00965052 0.999882 64.3053
0.996478 -0.0830157 0.0118512 -4.09837 0.0828873 0.996499 0.0109402 -0.1836 -0.0127179 -0.00991935 0.99987 65.1493
0.996345 -0.0845366 0.012241 -4.17055 0.0844142 0.996379 0.0101908 -0.185775 -0.0130582 -0.00912023 0.999873 65.9794
0.99622 -0.0858842 0.0130242 -4.24058 0.0857419 0.996255 0.0111115 -0.189422 -0.0139297 -0.0099528 0.999853 66.7922
0.996078 -0.0871043 0.0155277 -4.32002 0.0869072 0.996132 0.0129476 -0.184871 -0.0165954 -0.0115474 0.999796 67.5908
0.995885 -0.0885219 0.019433 -4.39397 0.0882685 0.996005 0.0135313 -0.176708 -0.0205532 -0.0117603 0.99972 68.3828
0.995699 -0.0901537 0.0213487 -4.47187 0.0898433 0.995842 0.015081 -0.171761 -0.0226196 -0.0130981 0.999658 69.1512
0.995672 -0.0911907 0.0179427 -4.54768 0.0908678 0.995699 0.018059 -0.179558 -0.0195124 -0.0163504 0.999676 69.9006
0.995676 -0.0923048 0.010467 -4.62202 0.0920877 0.995558 0.0196086 -0.177024 -0.0122305 -0.0185599 0.999753 70.6204
0.995631 -0.0932557 0.00471172 -4.69369 0.0931483 0.995464 0.0193736 -0.177852 -0.00649704 -0.0188501 0.999801 71.3392
0.995601 -0.0936468 0.00307578 -4.76089 0.0935569 0.995369 0.0220615 -0.177939 -0.00512753 -0.0216767 0.999752 72.0293
0.995517 -0.0943753 0.00632328 -4.83556 0.094208 0.995288 0.02293 -0.181211 -0.00845751 -0.0222315 0.999717 72.7164
0.995393 -0.0954665 0.00890215 -4.909 0.0952596 0.995224 0.021328 -0.186484 -0.0108957 -0.0203817 0.999733 73.375
0.995321 -0.0964197 0.00629607 -4.96746 0.0962792 0.995159 0.0197409 -0.193666 -0.008169 -0.0190424 0.999785 74.0066
0.995376 -0.096037 0.00206838 -5.01534 0.0960028 0.995298 0.0128673 -0.202348 -0.00329439 -0.0126093 0.999915 74.6132
0.99548 -0.0949454 -0.00218795 -5.07535 0.0949606 0.995446 0.00838739 -0.209295 0.00138164 -0.00855724 0.999962 75.2145
0.995764 -0.0919003 -0.00281264 -5.13757 0.0919259 0.995705 0.0110307 -0.214613 0.00178684 -0.0112425 0.999935 75.8006
0.99614 -0.0877714 -0.000570008 -5.19987 0.0877695 0.996017 0.0156893 -0.211558 -0.000809331 -0.0156787 0.999877 76.3692
0.996541 -0.0830601 0.00270247 -5.24477 0.083011 0.996437 0.0148994 -0.222273 -0.00393039 -0.0146235 0.999885 76.9365
0.996956 -0.0776317 0.00727627 -5.28229 0.0775446 0.996922 0.0115789 -0.230722 -0.00815276 -0.0109794 0.999906 77.4768
0.997522 -0.0694155 0.0114202 -5.31368 0.06934 0.997569 0.00687627 -0.24294 -0.0118698 -0.00606735 0.999911 78.0159
0.998198 -0.0589192 0.0114118 -5.3544 0.0588029 0.998217 0.0102675 -0.24745 -0.0119964 -0.0095779 0.999882 78.5209
0.998976 -0.0439117 0.0108502 -5.38789 0.0437414 0.998923 0.0154661 -0.245936 -0.0115176 -0.0149756 0.999822 79.0209
0.999605 -0.0257233 0.0113548 -5.40657 0.0254858 0.999463 0.0205833 -0.23873 -0.0118781 -0.0202857 0.999724 79.5201
0.999915 -0.00402105 0.0123641 -5.39649 0.00377721 0.999799 0.0196821 -0.242074 -0.0124408 -0.0196337 0.99973 79.9959
0.999662 0.022019 0.0138135 -5.37571 -0.0222395 0.999624 0.0160173 -0.249011 -0.0134556 -0.0163191 0.999776 80.4689
0.998569 0.0511371 0.0156195 -5.33577 -0.0513757 0.998563 0.0152766 -0.251038 -0.0148159 -0.0160572 0.999761 80.921
0.996285 0.0842444 0.0178531 -5.29516 -0.084512 0.996312 0.0148084 -0.249537 -0.0165397 -0.0162622 0.999731 81.3697
0.992379 0.121784 0.0187854 -5.22727 -0.122073 0.992407 0.0150625 -0.250537 -0.0168084 -0.0172409 0.99971 81.8268
0.986394 0.163184 0.0199651 -5.15038 -0.163497 0.986427 0.0151757 -0.249677 -0.0172176 -0.0182334 0.999685 82.2467
0.977837 0.208369 0.0204409 -5.05501 -0.208689 0.977867 0.0150037 -0.250981 -0.0168622 -0.018937 0.999678 82.6636
0.966208 0.256993 0.0199143 -4.92166 -0.257335 0.966172 0.0170267 -0.247161 -0.0148649 -0.021576 0.999657 83.0888
0.950664 0.309648 0.0188516 -4.78888 -0.309968 0.950589 0.0173513 -0.251451 -0.0125473 -0.0223387 0.999672 83.4659
0.931028 0.364515 0.0177838 -4.59243 -0.364808 0.930916 0.0176222 -0.251152 -0.0101317 -0.0228945 0.999687 83.8608
0.906673 0.42148 0.0172752 -4.4267 -0.421754 0.906537 0.0177377 -0.250328 -0.00818454 -0.0233682 0.999693 84.1986
0.877768 0.478806 0.016396 -4.21648 -0.479052 0.877599 0.0181563 -0.23846 -0.00569577 -0.0237916 0.999701 84.5346
0.844585 0.535225 0.0144728 -3.94501 -0.53541 0.844434 0.016352 -0.252905 -0.00346935 -0.0215595 0.999762 84.8872
0.807833 0.589241 0.0141828 -3.72109 -0.589408 0.807674 0.0161333 -0.254177 -0.00194872 -0.0213925 0.999769 85.1593
0.768038 0.640223 0.0152413 -3.42526 -0.6404 0.767902 0.0146257 -0.267358 -0.00234011 -0.0209936 0.999777 85.4626
0.725268 0.688233 0.017944 -3.17158 -0.688458 0.725142 0.013962 -0.262483 -0.00340283 -0.0224799 0.999742 85.7061
0.680151 0.732837 0.0185547 -2.88152 -0.733065 0.680038 0.0127914 -0.261359 -0.00324383 -0.0223019 0.999746 85.9439
0.633243 0.773781 0.0162934 -2.53705 -0.773951 0.633146 0.0112038 -0.266266 -0.00164677 -0.019705 0.999804 86.185
0.58665 0.809738 0.012913 -2.23134 -0.80984 0.5866 0.00774907 -0.288289 -0.00130004 -0.0150034 0.999887 86.3518
0.539499 0.841874 0.0137469 -1.88952 -0.841986 0.539418 0.00939034 -0.284995 0.000490177 -0.0166408 0.999861 86.5541
0.492546 0.870129 0.0165531 -1.57922 -0.870284 0.49241 0.0117992 -0.281874 0.00211592 -0.0202176 0.999793 86.7007
0.446869 0.894433 0.0172789 -1.24283 -0.894589 0.446688 0.0133852 -0.288231 0.0042539 -0.0214389 0.999761 86.8527
0.403901 0.914733 0.011255 -0.868893 -0.914784 0.403782 0.0114347 -0.283271 0.00591514 -0.0149143 0.999871 87.0014
0.364427 0.931232 0.000485365 -0.522038 -0.931228 0.364424 0.00298429 -0.312849 0.00260219 -0.00153954 0.999995 87.0751
0.328888 0.944361 -0.00397083 -0.16473 -0.944369 0.328886 -0.00122735 -0.314488 0.000146889 0.00415359 0.999991 87.1634
0.294238 0.955731 -0.00181875 0.215994 -0.955728 0.294241 0.00241894 -0.324995 0.002847 0.00102649 0.999995 87.2815
0.262686 0.964858 0.0067083 0.564871 -0.964845 0.262609 0.0105236 -0.31817 0.00839213 -0.00923688 0.999922 87.3857
0.233349 0.972326 0.0114485 0.945394 -0.972319 0.23317 0.0151021 -0.320854 0.0120147 -0.0146557 0.99982 87.4786
0.206674 0.978355 0.0103161 1.34871 -0.978306 0.206487 0.0167631 -0.333721 0.0142701 -0.0135568 0.999806 87.5555
0.182972 0.983113 0.0031878 1.74273 -0.982974 0.182889 0.0177389 -0.342138 0.0168564 -0.00637926 0.999838 87.6101
0.161854 0.986807 -0.0040214 2.14534 -0.986524 0.161904 0.0235993 -0.353133 0.023939 0.000147569 0.999713 87.6607
0.141858 0.989868 -0.00607027 2.57323 -0.989392 0.141978 0.030749 -0.343637 0.0312993 0.0016439 0.999509 87.7138
0.124284 0.992242 -0.00315549 3.01341 -0.991734 0.124322 0.0317481 -0.353606 0.031894 -0.000816388 0.999491 87.7694
0.108942 0.994047 -0.00117679 3.45858 -0.993676 0.108933 0.0272355 -0.367181 0.0272016 -0.00179774 0.999628 87.823
0.0945635 0.995519 -0.000342156 3.93507 -0.995241 0.0945452 0.0235922 -0.390191 0.0235188 -0.00189043 0.999722 87.8597
0.0820318 0.996628 -0.00205665 4.41066 -0.996409 0.0820569 0.0208761 -0.402961 0.0209745 0.000336762 0.99978 87.8945
0.0707652 0.997474 -0.00608102 4.91929 -0.997297 0.0708708 0.0193687 -0.41918 0.0197508 0.00469395 0.999794 87.926
0.0615466 0.998068 -0.00854634 5.43946 -0.997903 0.061704 0.0195671 -0.432326 0.0200566 0.00732413 0.999772 87.9494
0.0544454 0.998464 -0.010243 5.96651 -0.99831 0.0546399 0.0197788 -0.449212 0.0203081 0.0091488 0.999752 87.9696
0.0486418 0.998743 -0.0121042 6.51586 -0.998602 0.0488788 0.0201185 -0.459721 0.0206849 0.0111086 0.999724 87.9954
0.0430905 0.99899 -0.0127293 7.08094 -0.998843 0.0433492 0.0207989 -0.47231 0.0213297 0.0118184 0.999703 88.0237
0.0372415 0.999226 -0.0127064 7.66873 -0.999062 0.0375108 0.021655 -0.481965 0.0221148 0.011888 0.999685 88.0482
0.0329398 0.999354 -0.0144046 8.26965 -0.999214 0.0332465 0.0216003 -0.497147 0.0220652 0.0136817 0.999663 88.0653
0.0299162 0.999433 -0.0154703 8.88727 -0.999315 0.0302429 0.0213343 -0.515351 0.0217901 0.0148215 0.999653 88.0907
0.0269169 0.999498 -0.0167144 9.51509 -0.999412 0.0272625 0.020802 -0.531439 0.0212472 0.0161446 0.999644 88.1098
0.0246695 0.999532 -0.0181124 10.1769 -0.999476 0.0250403 0.0205355 -0.544131 0.0209794 0.0175962 0.999625 88.1227
0.0238159 0.999493 -0.0211241 10.8517 -0.999504 0.0242411 0.0201086 -0.564146 0.0206105 0.0206348 0.999575 88.1366
0.0246795 0.999389 -0.0247481 11.5441 -0.999493 0.0251655 0.0195209 -0.58014 0.0201318 0.0242538 0.999503 88.1482
0.0271344 0.999276 -0.0266579 12.2572 -0.999427 0.0276587 0.0195005 -0.595087 0.0202237 0.0261135 0.999454 88.1635
0.0309265 0.999135 -0.0278151 12.9882 -0.999314 0.0314747 0.019491 -0.612264 0.0203496 0.0271932 0.999423 88.1879
0.0351768 0.998965 -0.0288455 13.7394 -0.999178 0.0357369 0.019138 -0.629579 0.020149 0.0281486 0.999401 88.2166
0.0397206 0.998753 -0.0302548 14.4975 -0.999034 0.0402646 0.0175873 -0.647599 0.0187835 0.029527 0.999387 88.2466
0.0441117 0.998534 -0.0313731 15.2783 -0.998874 0.0446327 0.0161058 -0.666636 0.0174824 0.0306273 0.999378 88.2859
0.0485948 0.998375 -0.0297715 16.0688 -0.998698 0.0490304 0.014078 -0.684297 0.0155148 0.0290486 0.999458 88.3255
0.0528826 0.998218 -0.0276276 16.8532 -0.998497 0.0532552 0.0129289 -0.69624 0.0143771 0.0269023 0.999535 88.3722
0.0568094 0.998098 -0.0239273 17.6577 -0.99827 0.0571502 0.013808 -0.71448 0.0151492 0.0231015 0.999618 88.4226
0.0598956 0.997934 -0.0232272 18.473 -0.998028 0.060307 0.0174327 -0.738364 0.0187975 0.0221373 0.999578 88.4791
0.0615254 0.997949 -0.0176505 19.2861 -0.997824 0.0619183 0.0226483 -0.752487 0.0236948 0.0162187 0.999588 88.5427
0.0614995 0.998011 -0.0138387 20.1044 -0.997758 0.0618388 0.0255911 -0.776615 0.026396 0.0122338 0.999577 88.6015
0.0616195 0.998026 -0.0121195 20.9255 -0.997759 0.0619112 0.0253809 -0.798653 0.0260812 0.0105284 0.999604 88.6684
0.0614469 0.998053 -0.0107371 21.7549 -0.997815 0.0616867 0.0236481 -0.828323 0.0242644 0.0092605 0.999663 88.7256
0.0611142 0.998084 -0.00963421 22.579 -0.997876 0.0613139 0.0220117 -0.862642 0.0225603 0.00826851 0.999711 88.7756
0.0610501 0.9981 -0.00837665 23.3964 -0.997894 0.0612176 0.0214587 -0.887513 0.0219307 0.00704896 0.999735 88.8334
0.0613527 0.998092 -0.00694612 24.2148 -0.997876 0.0614892 0.0215296 -0.915102 0.0219157 0.00561047 0.999744 88.8897
0.0615111 0.998089 -0.00593932 25.0443 -0.997855 0.061628 0.0220673 -0.941799 0.0223912 0.00456919 0.999739 88.9441
0.0604776 0.998166 -0.00257331 25.8662 -0.997897 0.0605211 0.0232056 -0.974562 0.0233188 0.00116448 0.999727 89.0132
0.0579866 0.998317 -0.000424788 26.684 -0.998054 0.0579811 0.0229282 -0.998741 0.0229143 -0.00090557 0.999737 89.0735
0.054324 0.998522 0.00148149 27.4922 -0.998291 0.0542793 0.0216585 -1.02452 0.021546 -0.00265553 0.999764 89.1268
0.0497594 0.998759 0.00190375 28.3102 -0.998577 0.0497135 0.0192979 -1.05234 0.0191794 -0.0028613 0.999812 89.1812
0.0437352 0.999033 0.00448228 29.1369 -0.998895 0.043651 0.0174154 -1.07214 0.0172029 -0.00523899 0.999838 89.2325
0.0361503 0.999333 0.00510284 29.9649 -0.999202 0.0360578 0.017184 -1.1045 0.0169885 -0.00571998 0.999839 89.2688
0.0273118 0.999613 0.00532011 30.7751 -0.999469 0.0272124 0.0179478 -1.12221 0.0177961 -0.00580747 0.999825 89.3047
0.0172342 0.999834 0.00586927 31.5863 -0.999691 0.0171259 0.0180306 -1.15141 0.0179271 -0.0061782 0.99982 89.3219
0.00704299 0.999963 0.00489259 32.3896 -0.999828 0.00695794 0.0171881 -1.17248 0.0171535 -0.0050128 0.99984 89.3256
-0.00325262 0.999981 0.00523691 33.1886 -0.999864 -0.00333698 0.0161808 -1.19866 0.0161979 -0.00518356 0.999855 89.3242
-0.0139647 0.999891 0.00486005 33.984 -0.999787 -0.0140368 0.0151248 -1.22139 0.0151914 -0.0046478 0.999874 89.3144
-0.0245928 0.999684 0.0052825 34.764 -0.999578 -0.0246713 0.0153404 -1.24573 0.0154659 -0.00490301 0.999868 89.2958
-0.0355684 0.999355 0.00490944 35.5468 -0.999244 -0.0356408 0.015545 -1.26889 0.0157099 -0.00435282 0.999867 89.2701
-0.0466548 0.998902 0.00432438 36.3236 -0.998775 -0.0467194 0.0162781 -1.29207 0.0164622 -0.00355964 0.999858 89.2391
-0.0568867 0.99837 0.00461959 37.0986 -0.998232 -0.0569576 0.0170065 -1.3128 0.0172419 -0.00364398 0.999845 89.1978
-0.0665802 0.997769 0.00488777 37.8664 -0.997622 -0.0666562 0.0175124 -1.33463 0.0177991 -0.00371017 0.999835 89.1419
-0.0761634 0.997085 0.00448269 38.6098 -0.99693 -0.0762318 0.01786 -1.35796 0.0181496 -0.00310866 0.99983 89.0905
-0.0857407 0.996313 0.00297223 39.36 -0.996151 -0.0857805 0.018012 -1.38129 0.0182006 -0.00141643 0.999833 89.0388
-0.0947634 0.995498 0.00210354 40.1038 -0.995344 -0.0947858 0.0175129 -1.40818 0.0176334 -0.000434163 0.999844 88.9636
-0.102356 0.994747 0.0013005 40.8425 -0.994612 -0.102364 0.0163744 -1.43049 0.0164215 0.000382526 0.999865 88.8845
-0.108014 0.994148 -0.00159649 41.5684 -0.994043 -0.107979 0.0148051 -1.45393 0.0145461 0.00318615 0.999889 88.8101
-0.112438 0.993648 -0.00469469 42.2818 -0.993577 -0.112367 0.0133342 -1.47758 0.012722 0.00616381 0.9999 88.7284
-0.115737 0.99326 -0.0063403 42.9875 -0.993219 -0.115657 0.0118478 -1.49437 0.0110346 0.00766853 0.99991 88.6449
-0.117739 0.993013 -0.0079571 43.6706 -0.992993 -0.117647 0.0111269 -1.51257 0.0101131 0.00921142 0.999906 88.5644
-0.118426 0.992937 -0.00712772 44.3421 -0.99291 -0.118342 0.0111692 -1.53127 0.0102468 0.00839991 0.999912 88.4832
-0.117811 0.993002 -0.00824408 44.9959 -0.992978 -0.117711 0.0118078 -1.54791 0.0107548 0.00957728 0.999896 88.4119
-0.115166 0.993314 -0.0079974 45.6346 -0.993274 -0.115057 0.0129997 -1.56852 0.0119926 0.00944074 0.999884 88.3394
-0.109843 0.993913 -0.00851331 46.2634 -0.993864 -0.109717 0.0140263 -1.58205 0.0130069 0.0100018 0.999865 88.2655
-0.102226 0.994724 -0.00859312 46.8744 -0.994669 -0.102095 0.0144721 -1.59795 0.0135184 0.0100267 0.999858 88.2141
-0.0909336 0.995831 -0.00723449 47.4592 -0.995761 -0.0908216 0.0145451 -1.61087 0.0138274 0.00852646 0.999868 88.1665
-0.0774783 0.996972 -0.00662751 48.0341 -0.996891 -0.0773731 0.0148709 -1.63277 0.0143131 0.00775907 0.999867 88.1261
-0.0600214 0.998178 -0.00616345 48.5724 -0.998068 -0.0599132 0.0164619 -1.64691 0.0160626 0.0071396 0.999845 88.101
-0.0387965 0.999236 -0.00477611 49.107 -0.99907 -0.0386993 0.0189938 -1.66595 0.0187944 0.00550857 0.999808 88.0967
-0.0139625 0.999896 -0.00369972 49.6393 -0.99966 -0.0138775 0.0220802 -1.68611 0.0220265 0.00400676 0.999749 88.1019
0.0142363 0.999897 -0.00187371 50.1573 -0.999613 0.014277 0.0238697 -1.70164 0.023894 0.00153316 0.999713 88.1249
0.0472319 0.998884 -0.000563596 50.6853 -0.998596 0.0472318 0.0240033 -1.72132 0.0240032 -0.000570918 0.999712 88.168
0.0852955 0.996355 -0.000839242 51.2131 -0.996103 0.0852928 0.0224503 -1.73129 0.02244 -0.00107894 0.999748 88.226
0.127463 0.991843 0.000294735 51.7151 -0.991665 0.127435 0.0189929 -1.74773 0.0188004 -0.00271317 0.99982 88.3073
0.172127 0.985072 0.00239243 52.2203 -0.984966 0.172071 0.0153097 -1.76697 0.0146695 -0.00499168 0.99988 88.4288
0.220163 0.975442 0.00634294 52.7241 -0.975404 0.220073 0.0124634 -1.78483 0.0107614 -0.00893091 0.999902 88.5659
0.271266 0.962465 0.00871485 53.1917 -0.962466 0.271164 0.0113365 -1.79419 0.00854786 -0.011463 0.999898 88.7176
0.325251 0.945586 0.00886971 53.6556 -0.945594 0.325147 0.0114521 -1.79893 0.00794498 -0.012112 0.999895 88.9221
0.382797 0.923815 0.00566344 54.1054 -0.923788 0.382711 0.0121283 -1.82037 0.00903684 -0.00987449 0.99991 89.1292
0.442575 0.89673 0.00182827 54.5054 -0.89664 0.4425 0.0151868 -1.82832 0.0128095 -0.00836061 0.999883 89.3334
0.50151 0.865146 -0.0031689 54.9119 -0.864965 0.501475 0.0189322 -1.84549 0.0179683 -0.00675373 0.999816 89.6012
0.559806 0.828613 -0.00420822 55.2772 -0.828342 0.55974 0.0232614 -1.84988 0.0216302 -0.00953604 0.999721 89.8763
0.615135 0.788406 -0.00486618 55.6365 -0.788062 0.61503 0.026387 -1.85453 0.0237965 -0.0123967 0.99964 90.2104
0.66816 0.743988 -0.00663859 55.9628 -0.743596 0.668056 0.0276855 -1.86729 0.0250326 -0.0135619 0.999595 90.543
0.717578 0.696427 -0.0084303 56.2587 -0.696047 0.717507 0.0265097 -1.87662 0.0245109 -0.0131549 0.999613 90.8635
0.7632 0.646142 -0.0050637 56.5552 -0.645892 0.763084 0.0229482 -1.90276 0.0186918 -0.0142435 0.999724 91.2637
0.804987 0.59329 -0.00165987 56.8171 -0.593169 0.804874 0.0180965 -1.90673 0.0120725 -0.0135829 0.999835 91.6568
0.8422 0.539155 0.00347719 57.0347 -0.539139 0.842076 0.0153818 -1.92153 0.00536509 -0.0148292 0.999876 92.0406
0.873913 0.48601 0.00838571 57.2473 -0.486081 0.873819 0.0128411 -1.92019 -0.00108668 -0.0152981 0.999882 92.4793
0.90016 0.435348 0.0135937 57.4266 -0.435506 0.900102 0.0123156 -1.9335 -0.00687419 -0.0170061 0.999832 92.9229
0.921149 0.388817 0.0174836 57.5855 -0.389065 0.921103 0.0140783 -1.94699 -0.0106303 -0.0197705 0.999748 93.3427
0.93707 0.348528 0.0206714 57.7243 -0.348915 0.93695 0.0195717 -1.93713 -0.0125468 -0.0255526 0.999595 93.8148
0.94939 0.313404 0.0209134 57.8444 -0.313865 0.949152 0.0244769 -1.93655 -0.0121789 -0.0298021 0.999482 94.2722
0.95915 0.282228 0.0194447 57.9637 -0.282677 0.958846 0.026618 -1.91556 -0.0111321 -0.0310272 0.999457 94.7428
0.965485 0.259791 0.0186495 58.0992 -0.260168 0.965315 0.0219154 -1.93213 -0.0123092 -0.026011 0.999586 95.2195
0.969619 0.243972 0.017813 58.224 -0.244288 0.969527 0.0184377 -1.93472 -0.0127719 -0.022229 0.999671 95.6951
0.972751 0.23117 0.0177973 58.3269 -0.231531 0.972579 0.0219835 -1.9287 -0.0122274 -0.0255051 0.9996 96.206
0.974942 0.221661 0.0188153 58.4164 -0.222122 0.974627 0.0276437 -1.91735 -0.0122104 -0.0311303 0.999441 96.7079
0.976404 0.215137 0.018749 58.5236 -0.215672 0.975877 0.0339073 -1.91141 -0.011002 -0.0371508 0.999249 97.2294
0.977062 0.212313 0.0165168 58.6188 -0.212825 0.976232 0.0409464 -1.9045 -0.0074308 -0.0435223 0.999025 97.7396
0.977256 0.211572 0.0144553 58.7237 -0.211999 0.976377 0.0417618 -1.91057 -0.00527823 -0.0438764 0.999023 98.2672
0.976795 0.213906 0.0107586 58.8471 -0.214168 0.975981 0.0399218 -1.90736 -0.00196071 -0.0412996 0.999145 98.8081
0.975915 0.218103 0.00452735 58.9788 -0.218107 0.975098 0.0401619 -1.91196 0.00434484 -0.0401821 0.999183 99.3678
0.974981 0.222288 0.000417916 59.1056 -0.222111 0.974126 0.0417872 -1.91541 0.00888169 -0.0408346 0.999126 99.9283
0.973975 0.226651 0.00152756 59.2328 -0.226492 0.972996 0.0444978 -1.91799 0.00859913 -0.0436857 0.999008 100.511
0.972709 0.231958 0.00573599 59.3594 -0.231969 0.971598 0.0467693 -1.91744 0.00527546 -0.0468235 0.998889 101.105
0.97159 0.236455 0.0100426 59.5069 -0.236667 0.970543 0.0451158 -1.92587 0.000921107 -0.0462109 0.998931 101.714
0.97055 0.240431 0.0150219 59.6618 -0.240855 0.969686 0.0412072 -1.92835 -0.00465904 -0.0436117 0.999038 102.323
0.969663 0.243686 0.019269 59.8163 -0.244264 0.968967 0.0379111 -1.93268 -0.00943266 -0.0414677 0.999095 102.948
0.968928 0.246606 0.0190842 59.9855 -0.247131 0.968405 0.0334209 -1.93 -0.0102395 -0.0370987 0.999259 103.587
0.968756 0.247526 0.0155704 60.1502 -0.247905 0.968287 0.0310346 -1.92365 -0.00739474 -0.0339249 0.999397 104.223
0.968915 0.247256 0.00832031 60.3149 -0.247395 0.968444 0.0301829 -1.93103 -0.000594868 -0.031303 0.99951 104.887
0.96914 0.246501 0.00230893 60.4805 -0.246435 0.968563 0.0339843 -1.92602 0.00614083 -0.0335046 0.99942 105.549
0.969703 0.244286 -0.000819787 60.6319 -0.244086 0.969034 0.0373621 -1.93425 0.00992145 -0.03603 0.999301 106.218
0.97034 0.241728 0.00276424 60.8059 -0.241665 0.969672 0.0365236 -1.93172 0.00614836 -0.0361084 0.999329 106.909
0.97068 0.240211 0.00892846 60.9856 -0.240373 0.970198 0.0306052 -1.94363 -0.00131066 -0.0318541 0.999492 107.621
0.971312 0.237393 0.0140611 61.1549 -0.237705 0.970936 0.0279115 -1.94478 -0.00702648 -0.0304531 0.999511 108.346
0.971733 0.235646 0.0143776 61.3227 -0.23599 0.971263 0.0309233 -1.94952 -0.00667753 -0.0334422 0.999418 109.071
0.972226 0.233753 0.0116484 61.4839 -0.23403 0.971484 0.0380657 -1.94619 -0.00241825 -0.0397345 0.999207 109.802
0.973125 0.230182 0.00658344 61.6564 -0.230259 0.972299 0.0401839 -1.95403 0.00284856 -0.0406199 0.999171 110.55
0.974059 0.226268 0.00353353 61.8323 -0.226222 0.97323 0.0405826 -1.9511 0.00574358 -0.0403292 0.99917 111.31
0.97491 0.222566 0.00395014 62.0084 -0.222554 0.974183 0.0379247 -1.95521 0.0045926 -0.0378523 0.999273 112.079
0.975695 0.219071 0.00519393 62.1899 -0.219119 0.975099 0.0341947 -1.97116 0.00242646 -0.0345017 0.999402 112.883
0.976193 0.216791 0.0070264 62.3687 -0.216905 0.975673 0.0318377 -1.97266 4.66512e-05 -0.0326038 0.999468 113.669
0.976416 0.21571 0.00900876 62.5426 -0.215885 0.97597 0.0296033 -1.97431 -0.00240655 -0.03085 0.999521 114.462
0.976523 0.215198 0.00964788 62.7277 -0.215378 0.976203 0.0253107 -1.9847 -0.00397148 -0.0267944 0.999633 115.272
0.976615 0.214712 0.0110378 62.8941 -0.214929 0.976306 0.0251266 -1.9798 -0.00538133 -0.0269113 0.999623 116.081
0.976584 0.214871 0.010729 63.0674 -0.215102 0.976121 0.0302987 -1.98243 -0.00396249 -0.031897 0.999483 116.903
0.976395 0.215814 0.00880578 63.2272 -0.215992 0.975732 0.0359831 -1.98269 -0.000826434 -0.0370357 0.999314 117.718
0.976187 0.216723 0.00948134 63.3896 -0.216929 0.97511 0.0458511 -1.99122 0.000691648 -0.0468161 0.998903 118.553
0.975594 0.219278 0.0115136 63.5627 -0.21958 0.974215 0.0518698 -1.99793 0.000157147 -0.053132 0.998587 119.395
0.974936 0.222065 0.0136769 63.7411 -0.22248 0.973517 0.0526136 -1.99651 -0.001631 -0.0543377 0.998521 120.234
0.974284 0.224925 0.0133962 63.9203 -0.225323 0.97274 0.0548404 -1.99915 -0.000696067 -0.0564486 0.998405 121.062
0.973874 0.226806 0.0113281 64.1057 -0.227085 0.972348 0.0545056 -2.00889 0.00134735 -0.0556541 0.998449 121.905
0.973471 0.228561 0.0106807 64.3092 -0.228809 0.972261 0.0485356 -2.01529 0.000708894 -0.0496918 0.998764 122.748
0.97347 0.228637 0.0090797 64.5174 -0.228815 0.972531 0.0427477 -2.02883 0.000943404 -0.0436912 0.999045 123.585
0.973187 0.229863 0.00840851 64.7196 -0.230014 0.972362 0.040078 -2.04781 0.00103631 -0.0409374 0.999161 124.43
0.972779 0.231454 0.0114332 64.9151 -0.231733 0.971864 0.0421822 -2.04998 -0.00134829 -0.0436834 0.999045 125.268
0.972477 0.232347 0.017415 65.1021 -0.232904 0.971492 0.0442675 -2.04497 -0.0066331 -0.0471051 0.998868 126.118
0.972238 0.233008 0.021469 65.2918 -0.233786 0.971147 0.0470969 -2.03948 -0.00987556 -0.0508086 0.99866 126.961
0.971955 0.234597 0.0163789 65.4807 -0.235116 0.970852 0.0465417 -2.05327 -0.00498289 -0.0490873 0.998782 127.779
0.97196 0.235141 0.00181285 65.6802 -0.234995 0.971021 0.0435346 -2.06715 0.00847647 -0.0427399 0.99905 128.59
0.972023 0.234755 -0.00780489 65.8832 -0.234247 0.971297 0.0413519 -2.09486 0.0172884 -0.0383668 0.999114 129.409
0.972251 0.23394 -0.000535419 66.0824 -0.233746 0.97153 0.0386288 -2.09164 0.00955701 -0.0374317 0.999253 130.244
0.972451 0.232475 0.0171678 66.2806 -0.23292 0.971985 0.031527 -2.0885 -0.0093576 -0.0346572 0.999355 131.087
0.972439 0.231072 0.0311205 66.4893 -0.231826 0.972479 0.023271 -2.0896 -0.0248868 -0.0298442 0.999245 131.928
0.972766 0.230011 0.0286653 66.6725 -0.230809 0.97258 0.028561 -2.09417 -0.02131 -0.0343994 0.999181 132.734
0.973281 0.229038 0.0162899 66.8433 -0.229519 0.972485 0.0399196 -2.10855 -0.00669858 -0.0425918 0.99907 133.533
0.973585 0.228215 0.00710604 67.0269 -0.228313 0.97273 0.0408524 -2.09174 0.00241087 -0.0413957 0.99914 134.337
0.974074 0.226172 0.00514122 67.2151 -0.226207 0.973396 0.0364796 -2.10587 0.0032462 -0.0366968 0.999321 135.148
0.974684 0.223508 0.00591181 67.4027 -0.223578 0.974084 0.034238 -2.12336 0.00189386 -0.034693 0.999396 135.959
0.97553 0.21979 0.00584031 67.5759 -0.219857 0.974883 0.0355833 -2.13329 0.00212723 -0.0359966 0.99935 136.764
0.976569 0.215159 0.004491 67.7507 -0.215175 0.975859 0.0374036 -2.13883 0.00366516 -0.0374935 0.99929 137.574
0.977257 0.212011 0.00439043 67.9219 -0.212014 0.976435 0.0403058 -2.15594 0.00425832 -0.04032 0.999178 138.379
0.977747 0.209717 0.00541533 68.0762 -0.209738 0.976645 0.0466361 -2.16086 0.00449151 -0.0467341 0.998897 139.185
0.978086 0.208064 0.00755672 68.2354 -0.208186 0.976939 0.0474293 -2.17145 0.00248585 -0.0479631 0.998846 139.987
0.97832 0.206792 0.0112839 68.4037 -0.207094 0.977238 0.0460306 -2.17629 -0.0015083 -0.0473695 0.998876 140.784
0.978654 0.205188 0.0115863 68.5741 -0.205504 0.977627 0.0448767 -2.18642 -0.00211894 -0.0462998 0.998925 141.585
0.979194 0.202738 0.00873461 68.735 -0.202926 0.97824 0.0432152 -2.19589 0.000216811 -0.0440886 0.999028 142.378
0.980097 0.198482 0.00393583 68.9018 -0.198486 0.979357 0.0382488 -2.20981 0.00373712 -0.0382687 0.99926 143.165
0.981434 0.191784 0.00227587 69.0582 -0.191735 0.980744 0.0371388 -2.22268 0.00489057 -0.0368856 0.999308 143.963
0.982678 0.185207 0.00656751 69.2114 -0.185324 0.982013 0.036143 -2.22123 0.00024457 -0.036734 0.999325 144.749
0.983727 0.179104 0.0142451 69.3483 -0.179482 0.983229 0.0323688 -2.23532 -0.00820882 -0.0343988 0.999374 145.534
0.984306 0.17488 0.0236483 69.4952 -0.175566 0.983981 0.0309355 -2.24266 -0.0178595 -0.0346018 0.999242 146.361
0.984959 0.170681 0.0269184 69.616 -0.171545 0.984593 0.0339074 -2.23499 -0.0207163 -0.0380151 0.999062 147.142
0.985837 0.166168 0.0226562 69.7381 -0.166923 0.985278 0.0369351 -2.22493 -0.0161853 -0.0401938 0.999061 147.945
0.987115 0.159449 0.0134268 69.8569 -0.159854 0.986393 0.0384106 -2.22955 -0.00711962 -0.040062 0.999172 148.74
0.988224 0.15287 0.0067016 69.9867 -0.153014 0.987526 0.0371453 -2.22447 -0.0009396 -0.0377333 0.999287 149.517
0.989209 0.146347 0.00698299 70.1091 -0.146504 0.98857 0.035574 -2.23152 -0.00169702 -0.0362132 0.999343 150.346
0.990281 0.138678 0.010536 70.2088 -0.138985 0.989546 0.0384939 -2.22857 -0.00508758 -0.0395841 0.999203 151.156
0.991369 0.130744 0.00971295 70.2918 -0.131045 0.990425 0.0434342 -2.23369 -0.00394119 -0.0443322 0.999009 151.962
0.992661 0.12085 0.00445157 70.3788 -0.120925 0.991523 0.0475293 -2.23404 0.00133008 -0.0477188 0.99886 152.777
0.993683 0.112212 0.00145967 70.4741 -0.112156 0.992586 0.046841 -2.24349 0.00380726 -0.0467089 0.998901 153.6
0.994539 0.104293 0.00398367 70.5549 -0.104365 0.993429 0.0469677 -2.25108 0.000940902 -0.0471269 0.998888 154.427
0.995309 0.0961747 0.0104919 70.6175 -0.0965787 0.994097 0.0494362 -2.2464 -0.00567542 -0.0502176 0.998722 155.251
0.995987 0.0879984 0.0163303 70.6846 -0.0887227 0.994761 0.0507754 -2.25508 -0.0117766 -0.0520205 0.998577 156.095
0.996605 0.0800369 0.0192799 70.7455 -0.0809232 0.99543 0.0506919 -2.25378 -0.0151346 -0.05208 0.998528 156.931
0.997063 0.0736862 0.020857 70.8011 -0.0746681 0.995901 0.0510428 -2.24936 -0.0170104 -0.0524503 0.998479 157.758
0.997396 0.0695423 0.0190919 70.856 -0.0704377 0.996205 0.051119 -2.2473 -0.0154645 -0.0523307 0.99851 158.582
0.997791 0.0648555 0.014369 70.8957 -0.0655567 0.996312 0.0553668 -2.24895 -0.0107252 -0.0561865 0.998363 159.417
0.998092 0.0612144 0.00807325 70.9326 -0.0615926 0.996254 0.0606962 -2.24213 -0.00432753 -0.0610777 0.998124 160.233
0.998276 0.0584721 0.00519965 70.9662 -0.058684 0.996276 0.0631625 -2.24248 -0.00148705 -0.0633588 0.99799 161.047
0.998427 0.0549536 0.0110894 71.007 -0.0555534 0.996399 0.0640486 -2.24273 -0.00752973 -0.0645639 0.997885 161.881
0.998421 0.052221 0.0207094 71.04 -0.053478 0.996407 0.065678 -2.23095 -0.0172052 -0.0666818 0.997626 162.712
0.998413 0.0486325 0.0284 71.0701 -0.0504507 0.996459 0.0672654 -2.23018 -0.0250282 -0.0685914 0.997331 163.555
0.998717 0.0437297 0.025542 71.1076 -0.0452708 0.99697 0.0632498 -2.22167 -0.0226987 -0.0643249 0.997671 164.363
0.999095 0.0393146 0.0162573 71.1517 -0.0401653 0.997633 0.0558162 -2.23433 -0.0140244 -0.0564186 0.998309 165.175
0.999411 0.032736 0.0102532 71.1736 -0.0332405 0.998005 0.0536678 -2.21587 -0.00847591 -0.053977 0.998506 165.985
0.999616 0.0254392 0.0110124 71.187 -0.0260113 0.998127 0.0553676 -2.20735 -0.00958322 -0.0556328 0.998405 166.81
0.999711 0.0177288 0.0162266 71.1939 -0.0185419 0.998505 0.0514114 -2.20157 -0.0152909 -0.0516974 0.998546 167.632
0.999741 0.0104752 0.0202119 71.2103 -0.011384 0.998905 0.0453871 -2.20963 -0.0197143 -0.0456055 0.998765 168.466
0.999716 0.00401976 0.0235061 71.2229 -0.00493912 0.99922 0.0391855 -2.18645 -0.0233303 -0.0392905 0.998955 169.318
0.999714 -0.00153694 0.0238462 71.2282 0.000744726 0.999449 0.033195 -2.1845 -0.0238841 -0.0331678 0.999164 170.151
0.999809 -0.00796226 0.017851 71.2311 0.00743597 0.999541 0.0293575 -2.18595 -0.0180765 -0.0292191 0.99941 170.991
0.99986 -0.0150178 0.00734462 71.2204 0.014842 0.999615 0.0234316 -2.16927 -0.00769368 -0.0233193 0.999698 171.81
0.999761 -0.0215866 0.00338562 71.2221 0.0215096 0.999541 0.0213352 -2.16542 -0.00384462 -0.0212573 0.999767 172.651
0.999545 -0.0283722 0.0102086 71.1929 0.0281759 0.999425 0.0188877 -2.16673 -0.0107386 -0.0185914 0.999769 173.499
0.999188 -0.0334641 0.0224372 71.148 0.032943 0.999188 0.0232064 -2.15245 -0.0231955 -0.0224484 0.999479 174.35
0.99881 -0.0384077 0.0300609 71.0977 0.0375313 0.998869 0.0291961 -2.14892 -0.0311482 -0.0280332 0.999122 175.207
0.998724 -0.0418603 0.0282658 71.0606 0.0410222 0.99872 0.0296046 -2.13809 -0.0294689 -0.0284072 0.999162 176.05
0.998896 -0.0434619 0.017805 71.0278 0.0429 0.998604 0.0308117 -2.13771 -0.0191193 -0.0300139 0.999367 176.89
0.998898 -0.0463846 0.00715199 70.9595 0.0460517 0.998088 0.0412334 -2.1143 -0.0090509 -0.0408586 0.999124 177.729
0.998839 -0.0480442 0.00358492 70.9158 0.0478542 0.997989 0.0415622 -2.11027 -0.00557454 -0.0413424 0.999129 178.574
0.998695 -0.050319 0.00875068 70.8689 0.0499815 0.998128 0.0352605 -2.11311 -0.0105086 -0.0347771 0.99934 179.434
0.998558 -0.0508556 0.017208 70.8275 0.0502863 0.998221 0.03204 -2.09884 -0.0188068 -0.0311285 0.999338 180.282
0.998423 -0.0512338 0.0229305 70.7802 0.0504578 0.998173 0.033232 -2.08907 -0.0245912 -0.0320225 0.999185 181.141
0.998355 -0.0528525 0.0222344 70.7224 0.0520757 0.998058 0.0341719 -2.083 -0.0239972 -0.0329578 0.999169 181.997
0.99842 -0.0544472 0.0139244 70.6817 0.0539904 0.998051 0.0313087 -2.07741 -0.015602 -0.0305075 0.999413 182.832
0.998405 -0.0563642 0.00317578 70.6439 0.056264 0.998083 0.0257816 -2.07541 -0.00462285 -0.0255618 0.999663 183.671
0.998296 -0.0583448 -0.000560468 70.6073 0.0583458 0.998147 0.0172822 -2.07805 -0.000448896 -0.0172854 0.99985 184.519
0.998234 -0.059323 0.00301862 70.549 0.0592519 0.998046 0.0198172 -2.07667 -0.00418834 -0.0196034 0.999799 185.382
0.998077 -0.0606197 0.0129478 70.4889 0.0603337 0.997948 0.0214426 -2.06874 -0.0142211 -0.0206202 0.999686 186.241
0.997929 -0.0619792 0.0172118 70.4276 0.0616024 0.997867 0.0216221 -2.0726 -0.0185152 -0.0205171 0.999618 187.096
0.997931 -0.0627797 0.0138627 70.3731 0.0624418 0.99777 0.0235941 -2.06996 -0.015313 -0.0226797 0.999626 187.942
0.998014 -0.0624647 0.00816577 70.3151 0.062234 0.997724 0.0259758 -2.07252 -0.00976975 -0.025416 0.999629 188.788
0.997998 -0.0628732 0.00689238 70.2498 0.0626293 0.997548 0.0312222 -2.06231 -0.00883852 -0.0307281 0.999489 189.627
0.997951 -0.0632877 0.00936747 70.1838 0.0629362 0.997439 0.0339779 -2.06367 -0.0114939 -0.0333187 0.999379 190.461
0.997863 -0.0642149 0.0120433 70.119 0.0636899 0.997175 0.0398286 -2.05757 -0.0145669 -0.0389765 0.999134 191.301
0.997813 -0.0644949 0.0144767 70.0601 0.0638187 0.997029 0.0431205 -2.057 -0.0172147 -0.0421023 0.998965 192.15
0.997766 -0.065212 0.0144728 69.9947 0.0645192 0.996944 0.0440516 -2.05494 -0.0173012 -0.0430195 0.998924 192.969
0.997783 -0.0655995 0.0111985 69.9403 0.0650564 0.996936 0.0434316 -2.05896 -0.0140133 -0.0426068 0.998994 193.797
0.997772 -0.0664157 0.00639708 69.8763 0.066055 0.996764 0.0458013 -2.06025 -0.0094183 -0.0452767 0.99893 194.599
0.99767 -0.0679326 0.00634945 69.8149 0.0675557 0.996581 0.0475699 -2.06181 -0.00955929 -0.0470301 0.998848 195.415
