0.999991 -0.0039979 -0.00112481 -0.00871703 0.00399953 0.999991 0.00145735 -0.00674759 0.00111897 -0.00146184 0.999998 0.70732
0.999965 -0.00802196 -0.00254747 -0.0189239 0.00802568 0.999967 0.00145218 -0.00458828 0.00253574 -0.00147257 0.999996 1.43203
0.999913 -0.012715 -0.0034166 -0.0361035 0.0127249 0.999915 0.00290427 -0.00929562 0.00337938 -0.0029475 0.99999 2.16771
0.999848 -0.017102 -0.00350719 -0.0518151 0.0171092 0.999852 0.0020431 -0.0152632 0.00347173 -0.0021028 0.999992 2.90981
0.999757 -0.0216058 -0.00433684 -0.0801048 0.0216197 0.999761 0.00316881 -0.0237454 0.00426734 -0.0032618 0.999986 3.6895
0.999642 -0.0263131 -0.0048301 -0.110453 0.026344 0.999632 0.00644211 -0.0314053 0.00465882 -0.00656705 0.999968 4.45858
0.999523 -0.0306254 -0.00400346 -0.148102 0.0306582 0.999495 0.00839711 -0.0345643 0.00374427 -0.00851584 0.999957 5.25989
0.999389 -0.0349268 -0.00133251 -0.185273 0.0349368 0.999354 0.00840501 -0.0409382 0.00103809 -0.00844642 0.999964 6.06268
0.999252 -0.0386577 0.000977999 -0.214344 0.0386497 0.999227 0.00712524 -0.0486767 -0.00125269 -0.00708211 0.999974 6.88072
0.999156 -0.0410631 0.000965205 -0.25487 0.041055 0.99913 0.00729006 -0.0559359 -0.00126372 -0.00724428 0.999973 7.69324
0.999065 -0.0432271 0.000337109 -0.297564 0.0432235 0.99904 0.00718401 -0.0569091 -0.000647329 -0.00716272 0.999974 8.51874
0.998991 -0.0448998 0.000208495 -0.335556 0.0448981 0.998978 0.00522891 -0.0658546 -0.000443059 -0.00521428 0.999986 9.34952
0.998893 -0.0470379 0.000918298 -0.378255 0.0470325 0.99888 0.00520537 -0.0661304 -0.00116212 -0.00515642 0.999986 10.1957
0.998822 -0.0485116 0.00112355 -0.416306 0.0485093 0.998821 0.00202929 -0.0729671 -0.00122067 -0.00197239 0.999997 11.05
0.998736 -0.0502444 -0.00105998 -0.466836 0.0502487 0.998727 0.00448361 -0.0770961 0.00083335 -0.00453121 0.999989 11.9178
0.998656 -0.0516985 -0.00364742 -0.520042 0.0517212 0.998641 0.00643313 -0.0891681 0.00330988 -0.00661313 0.999973 12.7936
0.99857 -0.0531989 -0.00519558 -0.569898 0.0532467 0.998536 0.00954647 -0.089604 0.00468011 -0.00980947 0.999941 13.6717
0.998507 -0.0543703 -0.00522304 -0.624235 0.0544236 0.998461 0.0106708 -0.0965092 0.00463483 -0.0109391 0.999929 14.5585
0.998435 -0.0558016 -0.00361985 -0.674498 0.055835 0.998391 0.00989066 -0.106213 0.00306211 -0.0100773 0.999945 15.4674
0.998367 -0.0570871 -0.00229943 -0.730808 0.0571066 0.998322 0.00958211 -0.11627 0.00174856 -0.00969777 0.999951 16.3683
0.998295 -0.0583406 -0.00178153 -0.785764 0.0583553 0.998248 0.00977847 -0.128994 0.00120793 -0.00986576 0.999951 17.2742
0.998213 -0.0596977 -0.00277386 -0.842924 0.0597216 0.99817 0.00949793 -0.132727 0.00220178 -0.00964662 0.999951 18.1864
0.99814 -0.0608931 -0.00298895 -0.905149 0.0609177 0.998103 0.00895063 -0.142971 0.00243825 -0.00911606 0.999955 19.1073
0.998096 -0.0616669 -0.00134711 -0.956795 0.0616766 0.998055 0.00903136 -0.154441 0.000787553 -0.00909725 0.999958 20.0242
0.998107 -0.0614725 0.00193536 -1.01845 0.061452 0.998067 0.00929309 -0.154426 -0.00250289 -0.00915657 0.999955 20.9583
0.998122 -0.0610151 0.00548473 -1.08529 0.0609603 0.998093 0.0096715 -0.158799 -0.00606438 -0.00931898 0.999938 21.9013
0.998208 -0.0592497 0.00841492 -1.14226 0.0591618 0.998195 0.0103424 -0.159687 -0.00901252 -0.00982605 0.999911 22.8429
0.998302 -0.0574557 0.00956379 -1.19955 0.0573759 0.998317 0.00842143 -0.15642 -0.0100316 -0.00785841 0.999919 23.7985
0.998404 -0.0560586 0.00689956 -1.25988 0.0559971 0.998392 0.00880099 -0.155251 -0.00738184 -0.00840059 0.999937 24.7381
0.998498 -0.0547341 0.00236408 -1.32682 0.0547035 0.998437 0.0114785 -0.159387 -0.00298865 -0.0113319 0.999931 25.708
0.998565 -0.0535437 -0.000438772 -1.37938 0.0535451 0.998495 0.011821 -0.163892 -0.000194827 -0.0118275 0.99993 26.6637
0.998612 -0.0526737 0.000685388 -1.42896 0.052664 0.998561 0.0101316 -0.172455 -0.00121807 -0.0100815 0.999948 27.6332
0.998587 -0.0528576 0.0055614 -1.48248 0.052825 0.998587 0.005847 -0.171458 -0.00586259 -0.00554495 0.999967 28.6214
0.998508 -0.0537816 0.00941184 -1.53898 0.0537762 0.998553 0.000826503 -0.168362 -0.00944267 -0.000319137 0.999955 29.5947
0.998463 -0.0546112 0.00948999 -1.58517 0.0546722 0.998485 -0.00628734 -0.176668 -0.00913225 0.00679651 0.999935 30.5692
0.998423 -0.055832 0.0057825 -1.63648 0.0558681 0.998418 -0.00627719 -0.176462 -0.00542289 0.00659035 0.999964 31.554
0.998345 -0.0574763 0.00209532 -1.69129 0.0574868 0.998332 -0.00535822 -0.182036 -0.00178386 0.0054698 0.999983 32.5297
0.998236 -0.0593533 0.00111705 -1.76023 0.0593572 0.998229 -0.00385986 -0.178924 -0.000885973 0.00391936 0.999992 33.5183
0.998181 -0.0602206 0.00290862 -1.82001 0.0602377 0.998165 -0.00619445 -0.188846 -0.00253025 0.00635839 0.999977 34.5348
0.998088 -0.0615604 0.00546363 -1.89281 0.0615864 0.998091 -0.00473486 -0.183567 -0.00516171 0.0050623 0.999974 35.535
0.998017 -0.0625861 0.00667979 -1.96344 0.062594 0.998039 -0.000994039 -0.196617 -0.00660447 0.00141018 0.999977 36.5441
0.997927 -0.0637165 0.00907505 -2.03382 0.0637331 0.997966 -0.00155182 -0.192945 -0.00895771 0.00212698 0.999958 37.5428
0.997903 -0.0634914 0.0125481 -2.10062 0.0635111 0.99798 -0.00118066 -0.197335 -0.0124478 0.00197513 0.999921 38.5464
0.997853 -0.0638374 0.0146568 -2.17537 0.0638137 0.99796 0.00207668 -0.183402 -0.0147594 -0.00113692 0.99989 39.5513
0.997855 -0.0639118 0.014193 -2.24415 0.0638548 0.997949 0.00443138 -0.187832 -0.0144471 -0.00351558 0.999889 40.5446
0.997871 -0.0639593 0.0127573 -2.31175 0.0639199 0.997949 0.00347743 -0.183966 -0.0129535 -0.00265459 0.999913 41.5475
0.997917 -0.0637127 0.0101105 -2.38911 0.0636378 0.997944 0.00757224 -0.183653 -0.0105721 -0.00691306 0.99992 42.5554
0.997841 -0.0648889 0.0101691 -2.45809 0.0648073 0.997864 0.0081599 -0.184437 -0.0106768 -0.00748325 0.999915 43.5381
0.997747 -0.0660228 0.0118801 -2.52371 0.0659793 0.997813 0.00402192 -0.181843 -0.0121196 -0.00322902 0.999921 44.5243
0.997685 -0.0667946 0.0128074 -2.59243 0.0667531 0.997763 0.00364387 -0.171109 -0.0130222 -0.00278049 0.999911 45.5253
0.997689 -0.0671691 0.0102518 -2.66124 0.0671229 0.997733 0.00478219 -0.180573 -0.0105498 -0.00408301 0.999936 46.4928
0.997686 -0.0678042 0.00507811 -2.7409 0.0677586 0.997664 0.00866415 -0.178654 -0.00565371 -0.00830001 0.99995 47.4811
0.997675 -0.0680287 0.00402267 -2.81899 0.0679873 0.997639 0.00965363 -0.187398 -0.0046699 -0.0093577 0.999945 48.447
0.997633 -0.0683849 0.00720854 -2.8836 0.0683209 0.997625 0.00877629 -0.184793 -0.00779159 -0.00826302 0.999936 49.4238
0.997596 -0.0683794 0.0112521 -2.95172 0.0683221 0.997649 0.00539622 -0.19326 -0.0115946 -0.00461449 0.999922 50.416
0.997556 -0.0688727 0.0117988 -3.02313 0.0688225 0.997618 0.00460992 -0.188259 -0.0120882 -0.00378662 0.99992 51.3704
0.997567 -0.0688284 0.0110644 -3.08238 0.0688082 0.997627 0.00219364 -0.193105 -0.0111891 -0.00142698 0.999936 52.334
0.997556 -0.0691452 0.0100561 -3.15038 0.0691507 0.997606 -0.000193899 -0.201706 -0.0100186 0.00088881 0.999949 53.3057
0.99746 -0.0703412 0.0111773 -3.22243 0.0703592 0.997521 -0.00122847 -0.197561 -0.0110632 0.00201178 0.999937 54.2588
0.997346 -0.0711388 0.0155283 -3.29074 0.0712141 0.997452 -0.00434955 -0.19224 -0.0151793 0.00544384 0.99987 55.2178
0.997199 -0.0718271 0.0208731 -3.35587 0.0719866 0.997381 -0.00699231 -0.195073 -0.0203162 0.0084753 0.999758 56.1744
0.99711 -0.0723968 0.0230413 -3.43017 0.0725476 0.997348 -0.00577322 -0.178718 -0.0225622 0.00742813 0.999718 57.1185
0.997096 -0.0735798 0.0196124 -3.50349 0.073706 0.997263 -0.00578902 -0.171688 -0.0191328 0.00721777 0.999791 58.0627
0.997095 -0.0752157 0.0120237 -3.58361 0.0752576 0.997159 -0.00307804 -0.165921 -0.011758 0.00397397 0.999923 58.9788
0.997086 -0.075996 0.0066809 -3.65661 0.0760049 0.997107 -0.00108152 -0.173503 -0.00657938 0.00158615 0.999977 59.8962
0.997017 -0.0768577 0.00704653 -3.74067 0.0768317 0.997037 0.00388634 -0.16559 -0.00732434 -0.00333335 0.999968 60.8125
0.996919 -0.0779016 0.00916493 -3.82233 0.0778435 0.996944 0.00652895 -0.170854 -0.00964554 -0.00579541 0.999937 61.7128
0.996799 -0.079214 0.0108042 -3.89895 0.0791391 0.996838 0.00719198 -0.172903 -0.0113397 -0.00631392 0.999916 62.5957
0.996727 -0.0801654 0.0104706 -3.97522 0.0800638 0.996742 0.0097865 -0.18101 -0.011221 -0.00891615 0.999897 63.4696
0.996594 -0.081702 0.0111857 -4.05474 0.0815862 0.996612 0.0104462 -0.179453 -0.0120012 -0.009498 0.999883 64.3292
0.996466 -0.0831458 0.0118949 -4.13003 0.0830182 0.996489 0.0108537 -0.184216 -0.0127556 -0.00982782 0.99987 65.1737
0.996337 -0.0846308 0.0122788 -4.20237 0.0845084 0.996371 0.0101646 -0.186362 -0.0130944 -0.00908968 0.999873 66.0044
0.996215 -0.0859379 0.0130561 -4.27253 0.0857949 0.99625 0.0111456 -0.189983 -0.013965 -0.00998322 0.999853 66.8178
0.996076 -0.0871194 0.015559 -4.35207 0.0869203 0.99613 0.0130424 -0.185406 -0.016635 -0.0116388 0.999794 67.617
0.995886 -0.0884971 0.0194711 -4.42609 0.08824 0.996005 0.0136872 -0.177214 -0.0206046 -0.0119128 0.999717 68.4096
0.995688 -0.0902742 0.0213488 -4.50403 0.0899611 0.995829 0.0151993 -0.172236 -0.0226319 -0.0132132 0.999657 69.1785
0.995649 -0.0914469 0.0179071 -4.57999 0.091123 0.995674 0.0181388 -0.180031 -0.0194884 -0.0164281 0.999675 69.9284
0.995641 -0.0926883 0.0104035 -4.65459 0.0924719 0.995521 0.0196481 -0.177523 -0.0121781 -0.0186004 0.999753 70.6486
0.995584 -0.0937573 0.00462736 -4.7266 0.0936514 0.995417 0.0193723 -0.178398 -0.00642244 -0.0188534 0.999802 71.3679
0.995544 -0.0942563 0.00297529 -4.79421 0.0941687 0.995313 0.0220213 -0.178546 -0.00503699 -0.021643 0.999753 72.0585
0.99545 -0.0950871 0.00621224 -4.86936 0.0949227 0.995222 0.0228544 -0.18189 -0.00835572 -0.0221607 0.99972 72.7461
0.995316 -0.0962759 0.00878595 -4.94334 0.0960724 0.995148 0.0212175 -0.187241 -0.0107861 -0.020274 0.999736 73.4051
0.995234 -0.0973162 0.00617747 -5.00237 0.0971789 0.995074 0.0195913 -0.194502 -0.00805359 -0.0188976 0.999789 74.0372
0.995282 -0.0970069 0.00195433 -5.05087 0.0969747 0.995206 0.0126763 -0.203262 -0.00317465 -0.012427 0.999918 74.6442
0.995381 -0.0959807 -0.0022968 -5.11153 0.0959964 0.995348 0.0081545 -0.21029 0.00150344 -0.00833732 0.999964 75.246
0.995662 -0.0929946 -0.00292075 -5.17442 0.0930209 0.995606 0.0107596 -0.215691 0.00190733 -0.0109847 0.999938 75.8325
0.996039 -0.08892 -0.000673186 -5.23741 0.0889198 0.99592 0.0153842 -0.212716 -0.000697522 -0.0153831 0.999881 76.4015
0.996441 -0.0842504 0.00261039 -5.28302 0.0842038 0.996342 0.0145614 -0.223503 -0.00382764 -0.0142898 0.999891 76.9693
0.996861 -0.0788487 0.00719941 -5.32126 0.0787653 0.99683 0.0112096 -0.232014 -0.00806045 -0.0106073 0.999911 77.51
0.997437 -0.070641 0.0113595 -5.35336 0.0705707 0.997486 0.00647461 -0.244288 -0.0117883 -0.00565637 0.999915 78.0496
0.998125 -0.0601413 0.0113598 -5.39476 0.0600308 0.998148 0.00982838 -0.24885 -0.0119299 -0.00912802 0.999887 78.5551
0.998923 -0.0451158 0.0108103 -5.42893 0.0449515 0.998877 0.0149892 -0.247381 -0.0114744 -0.0144871 0.999829 79.0555
0.999574 -0.0268874 0.011336 -5.44828 0.0266563 0.999443 0.0200702 -0.240204 -0.0118693 -0.0197595 0.999734 79.5551
0.99991 -0.00511 0.0123771 -5.43882 0.00487263 0.999805 0.0191327 -0.243549 -0.0124724 -0.0190707 0.99974 80.0315
0.999682 0.0210462 0.0138623 -5.41861 -0.0212596 0.999655 0.0154306 -0.250469 -0.0135328 -0.0157204 0.999785 80.5049
0.998609 0.0503294 0.0157048 -5.37917 -0.0505601 0.998614 0.0146513 -0.252451 -0.0149456 -0.015425 0.999769 80.9576
0.996349 0.0834664 0.0179425 -5.33892 -0.0837248 0.996388 0.0141702 -0.250882 -0.016695 -0.0156207 0.999739 81.4063
0.992468 0.121037 0.0188784 -5.27139 -0.121316 0.992509 0.0144102 -0.251791 -0.0169929 -0.0165919 0.999718 81.8635
0.98651 0.162469 0.0200618 -5.19481 -0.162771 0.986557 0.0145095 -0.250836 -0.0174348 -0.0175792 0.999693 82.2835
0.97798 0.207687 0.0205416 -5.09975 -0.207997 0.978025 0.014323 -0.252031 -0.0171155 -0.0182802 0.999686 82.7004
0.966378 0.256346 0.0200174 -4.9667 -0.256679 0.966359 0.0163308 -0.248071 -0.0151576 -0.0209198 0.999666 83.1258
0.950861 0.309037 0.0189583 -4.83416 -0.30935 0.950803 0.01664 -0.252224 -0.0128832 -0.0216871 0.999682 83.5029
0.931249 0.363943 0.0178941 -4.63797 -0.364231 0.931155 0.0168955 -0.251736 -0.0105132 -0.0222515 0.999697 83.898
0.906919 0.420947 0.0173892 -4.47244 -0.421218 0.9068 0.0169959 -0.250749 -0.00861421 -0.0227385 0.999704 84.2358
0.878034 0.478314 0.0165136 -4.26243 -0.478559 0.877883 0.0173993 -0.238681 -0.00617469 -0.0231799 0.999712 84.572
0.844868 0.534776 0.0145952 -3.99114 -0.53496 0.844734 0.0155792 -0.252873 -0.00399765 -0.0209702 0.999772 84.9247
0.808128 0.588833 0.014309 -3.76737 -0.589001 0.807986 0.0153457 -0.253934 -0.00252544 -0.0208293 0.99978 85.197
0.768341 0.639856 0.0153719 -3.47168 -0.640033 0.768223 0.013824 -0.26684 -0.00296368 -0.0204601 0.999786 85.5004
0.725575 0.687905 0.0180786 -3.21812 -0.688131 0.725468 0.013147 -0.261726 -0.00407158 -0.0219796 0.99975 85.744
0.680458 0.732549 0.0186934 -2.92816 -0.732776 0.680364 0.0119619 -0.26033 -0.00395562 -0.0218377 0.999754 85.9819
0.633547 0.773529 0.0164364 -2.5838 -0.7737 0.633467 0.0103587 -0.264913 -0.00239913 -0.0192795 0.999811 86.2232
0.586946 0.809521 0.0130608 -2.27813 -0.809623 0.586909 0.006888 -0.286651 -0.00208954 -0.0146172 0.999891 86.3901
0.539785 0.841688 0.0138976 -1.93639 -0.841803 0.539718 0.00851505 -0.283031 -0.000333776 -0.0162953 0.999867 86.5926
0.492819 0.869972 0.0167066 -1.62614 -0.870131 0.4927 0.0109103 -0.279615 0.00126032 -0.0199137 0.999801 86.7392
0.447126 0.894301 0.0174354 -1.28979 -0.894465 0.446964 0.0124819 -0.285647 0.00336961 -0.0211764 0.99977 86.8914
0.40414 0.914626 0.0114157 -0.915902 -0.914683 0.404034 0.0105151 -0.280323 0.00500511 -0.0146913 0.99988 87.0402
0.364645 0.931146 0.000651628 -0.569039 -0.931145 0.364644 0.00204767 -0.30957 0.00166907 -0.00135344 0.999998 87.1139
0.329084 0.944293 -0.00380036 -0.21175 -0.9443 0.329078 -0.00217904 -0.310858 -0.00080704 0.00430577 0.99999 87.2024
0.295343 0.95539 -0.00160054 0.169146 -0.95539 0.295345 0.00112383 -0.320864 0.00154641 0.00119722 0.999998 87.3209
0.264608 0.964331 0.00694956 0.51808 -0.964332 0.264543 0.00894233 -0.313445 0.00678491 -0.00906789 0.999936 87.4259
0.235972 0.971689 0.0116992 0.898608 -0.971707 0.235816 0.0132827 -0.315378 0.0101478 -0.0145025 0.999843 87.5199
0.209864 0.977673 0.0105679 1.30192 -0.977655 0.209701 0.0147413 -0.327356 0.012196 -0.0134254 0.999835 87.5983
0.186593 0.982431 0.00343426 1.69597 -0.982329 0.186519 0.0155385 -0.334827 0.014625 -0.00627294 0.999873 87.6546
0.165761 0.986159 -0.00380818 2.09859 -0.985929 0.165805 0.021265 -0.344795 0.0216021 0.000229677 0.999767 87.7071
0.145898 0.989282 -0.0058971 2.52643 -0.988877 0.146007 0.028349 -0.334171 0.0289062 0.00169544 0.999581 87.7622
0.128296 0.991731 -0.0030039 2.9666 -0.991297 0.128328 0.0293573 -0.342957 0.0295001 -0.000788662 0.999564 87.82
0.11276 0.993622 -0.00103209 3.41176 -0.993311 0.112751 0.0249056 -0.355339 0.0248631 -0.00178317 0.999689 87.8758
0.0980107 0.995185 -0.000218601 3.88834 -0.994957 0.0979929 0.0213794 -0.377111 0.0212979 -0.00187791 0.999771 87.9147
0.0849297 0.996385 -0.00196537 4.36403 -0.996207 0.0849517 0.0188317 -0.388702 0.0189306 0.000358542 0.999821 87.9515
0.0729223 0.997319 -0.00603425 4.87278 -0.997176 0.073018 0.0175541 -0.403759 0.0179477 0.00473712 0.999828 87.9849
0.0627653 0.997992 -0.00855269 5.39311 -0.997856 0.0629115 0.0180568 -0.415846 0.0185586 0.00740102 0.9998 88.0098
0.0545251 0.998459 -0.0103068 5.92034 -0.998328 0.0547104 0.0186459 -0.431822 0.019181 0.00927287 0.999773 88.031
0.0486196 0.998743 -0.0121634 6.47019 -0.998625 0.0488457 0.0190351 -0.44173 0.0196053 0.0112212 0.999745 88.0569
0.0429734 0.998994 -0.0127836 7.03578 -0.99887 0.0432209 0.0197592 -0.45373 0.0202919 0.01192 0.999723 88.0852
0.0370344 0.999233 -0.0127553 7.62407 -0.999091 0.0372928 0.0206512 -0.462794 0.021111 0.0119789 0.999705 88.1097
0.0326439 0.999363 -0.0144479 8.2255 -0.999245 0.0329382 0.0206275 -0.477394 0.0210902 0.0137637 0.999683 88.1266
0.0295365 0.999443 -0.0155081 8.84363 -0.999346 0.02985 0.0203882 -0.495016 0.0208397 0.0148958 0.999672 88.1519
0.0264553 0.99951 -0.0167465 9.47197 -0.999444 0.0267866 0.0198772 -0.510528 0.020316 0.0162113 0.999662 88.1708
0.0241243 0.999544 -0.0181387 10.1343 -0.999508 0.0244796 0.0196246 -0.522624 0.0200597 0.0176563 0.999643 88.1834
0.0231858 0.999508 -0.0211447 10.8096 -0.999537 0.0235929 0.0192083 -0.542039 0.0196977 0.0206895 0.999592 88.1969
0.0239619 0.999406 -0.024763 11.5026 -0.999528 0.0244264 0.0186252 -0.557421 0.019219 0.024305 0.99952 88.2081
0.0263283 0.999298 -0.0266666 12.2161 -0.999467 0.0268292 0.0186008 -0.571737 0.0193032 0.0261626 0.999471 88.2228
0.0300351 0.999162 -0.0278173 12.9476 -0.99936 0.0305584 0.0185797 -0.588263 0.0194142 0.0272415 0.99944 88.2467
0.0342052 0.998999 -0.0288413 13.6993 -0.999231 0.0347388 0.0182075 -0.604896 0.0191912 0.0281964 0.999418 88.2747
0.0384247 0.998803 -0.030262 14.4579 -0.999103 0.0389399 0.0166239 -0.622188 0.0177824 0.0295961 0.999404 88.3039
0.0425397 0.998601 -0.0313927 15.2392 -0.998959 0.0430301 0.0151166 -0.640443 0.0164463 0.030717 0.999393 88.3422
0.0467955 0.99846 -0.0298052 16.0302 -0.9988 0.0472015 0.0130645 -0.657284 0.0144512 0.0291581 0.99947 88.3805
0.0509075 0.99832 -0.0276747 16.8152 -0.998615 0.0512522 0.0118928 -0.668391 0.0132913 0.027031 0.999546 88.4257
0.0547122 0.998214 -0.023984 17.6202 -0.998403 0.055029 0.0127517 -0.685756 0.0140487 0.023248 0.999631 88.4745
0.057733 0.99806 -0.0232871 18.4361 -0.998175 0.0581216 0.0163709 -0.708742 0.0176927 0.0222994 0.999595 88.5293
0.0593567 0.99808 -0.0177103 19.2498 -0.997981 0.0597337 0.0215748 -0.721967 0.0225913 0.016394 0.99961 88.5911
0.0593826 0.998138 -0.0139037 20.0687 -0.997915 0.0597108 0.0245192 -0.74519 0.0253038 0.0124187 0.999603 88.648
0.0596159 0.998147 -0.0121974 20.8903 -0.997908 0.0598988 0.0243239 -0.766331 0.0250094 0.0107218 0.99963 88.7131
0.0596144 0.998163 -0.0108307 21.7203 -0.997951 0.0598472 0.0226189 -0.79511 0.0232256 0.00946011 0.999685 88.7686
0.0595072 0.99818 -0.00974268 22.545 -0.997995 0.0597014 0.0210254 -0.828571 0.0215688 0.00847198 0.999731 88.8171
0.059726 0.998179 -0.00849793 23.3629 -0.997994 0.0598896 0.0205256 -0.85263 0.0209971 0.00725498 0.999753 88.8735
0.0599911 0.998175 -0.00693372 24.1813 -0.99798 0.0601219 0.0205192 -0.879429 0.0208986 0.00568875 0.999765 88.9288
0.0601136 0.998175 -0.0057936 25.0106 -0.997964 0.0602228 0.0209961 -0.905256 0.0213067 0.00451965 0.999763 88.9819
0.0590428 0.998253 -0.00229462 25.8325 -0.998009 0.0590792 0.022085 -0.937097 0.022182 0.000986089 0.999753 89.0499
0.0565145 0.998402 -1.63096e-05 26.6502 -0.998165 0.0565014 0.0217761 -0.960317 0.0217422 -0.00121438 0.999763 89.1091
0.0528151 0.998602 0.00201722 27.4583 -0.998397 0.0527628 0.0204907 -0.985118 0.0203557 -0.00309621 0.999788 89.1611
0.0482139 0.998834 0.00256397 28.2762 -0.998675 0.0481597 0.0181325 -1.01193 0.0179878 -0.00343481 0.999832 89.2142
0.0421549 0.999097 0.00526651 29.1029 -0.998982 0.0420643 0.0162662 -1.03071 0.01603 -0.00594685 0.999854 89.2643
0.0345411 0.999385 0.00601312 29.9308 -0.999278 0.0344407 0.0160691 -1.06207 0.0158521 -0.00656382 0.999853 89.2993
0.0256796 0.99965 0.00635731 30.7409 -0.99953 0.0255692 0.0168853 -1.07884 0.0167168 -0.00678794 0.999837 89.3338
0.0155869 0.999854 0.00703217 31.552 -0.999735 0.0154652 0.0170351 -1.10714 0.0169239 -0.00729583 0.99983 89.3497
0.00539032 0.999966 0.0061797 32.355 -0.999853 0.00528911 0.016279 -1.12739 0.0162457 -0.00626655 0.999848 89.3521
-0.00525135 0.999965 0.00651276 33.1548 -0.999869 -0.00535049 0.0152985 -1.15288 0.0153329 -0.00643157 0.999862 89.3493
-0.0162194 0.99985 0.00612497 33.9509 -0.999765 -0.0163054 0.0142655 -1.17495 0.0143633 -0.00589215 0.999879 89.3378
-0.0270199 0.999613 0.00654032 34.7317 -0.999527 -0.0271124 0.0144985 -1.19869 0.0146702 -0.00614548 0.999874 89.3173
-0.0380907 0.999255 0.00616111 35.5151 -0.999163 -0.0381779 0.0147174 -1.22126 0.0149416 -0.00559536 0.999873 89.2896
-0.0491991 0.998773 0.0055721 36.2925 -0.998665 -0.04928 0.0154607 -1.24388 0.0157164 -0.00480401 0.999865 89.2565
-0.0593884 0.998218 0.00586361 37.0682 -0.998098 -0.0594764 0.0161907 -1.26406 0.0165106 -0.00489093 0.999852 89.2131
-0.0689863 0.997599 0.00612765 37.8366 -0.997471 -0.06908 0.0166927 -1.28537 0.0170759 -0.00496059 0.999842 89.1552
-0.0784208 0.996904 0.0057184 38.5806 -0.996768 -0.0785078 0.0170343 -1.30819 0.0174305 -0.00436408 0.999839 89.1019
-0.0877961 0.99613 0.00420367 39.3315 -0.995985 -0.0878559 0.0171785 -1.331 0.0174813 -0.00267858 0.999844 89.0484
-0.0965816 0.995319 0.00332996 40.0758 -0.995181 -0.096624 0.0166684 -1.3574 0.0169121 -0.00170405 0.999856 88.9715
-0.103906 0.994584 0.00252107 40.8151 -0.994463 -0.103933 0.0155138 -1.37921 0.0156918 -0.000895139 0.999876 88.891
-0.109263 0.994013 -0.000381457 41.5417 -0.993917 -0.109247 0.0139272 -1.40215 0.0138022 0.00190086 0.999903 88.8154
-0.113358 0.993548 -0.00348394 42.2557 -0.993482 -0.113307 0.0124344 -1.42529 0.0119594 0.00487076 0.999917 88.7326
-0.116438 0.993185 -0.00507295 42.9615 -0.993143 -0.116376 0.0110875 -1.44158 0.0104216 0.00632917 0.999926 88.6486
-0.118262 0.99296 -0.00663507 43.6447 -0.992936 -0.118189 0.0104868 -1.45938 0.00962878 0.00782838 0.999923 88.5676
-0.118811 0.9929 -0.00575343 44.3163 -0.992868 -0.118746 0.0106294 -1.4778 0.00987075 0.00697529 0.999927 88.4861
-0.118098 0.992979 -0.00681996 44.9702 -0.992947 -0.118016 0.0113512 -1.49421 0.0104666 0.00811241 0.999912 88.4146
-0.115391 0.993299 -0.0065262 45.6091 -0.99325 -0.115303 0.0126087 -1.51466 0.0117717 0.00793708 0.999899 88.342
-0.110045 0.993902 -0.0069976 46.238 -0.993844 -0.109942 0.0136835 -1.52808 0.0128307 0.00846032 0.999882 88.268
-0.10244 0.994714 -0.0070349 46.8492 -0.994649 -0.102333 0.0141605 -1.54388 0.0133658 0.00844787 0.999875 88.2166
-0.0911931 0.995817 -0.00563542 47.4342 -0.995739 -0.0911053 0.014248 -1.55673 0.013675 0.00691072 0.999883 88.1689
-0.0778138 0.996955 -0.00498929 48.0092 -0.996868 -0.077734 0.0145735 -1.57855 0.0141413 0.00610768 0.999881 88.1284
-0.0604583 0.998161 -0.00448648 48.5476 -0.998045 -0.0603787 0.0161494 -1.5926 0.0158488 0.00545408 0.99986 88.1032
-0.0393567 0.999221 -0.00306009 49.0824 -0.999054 -0.039293 0.0186515 -1.61151 0.0185168 0.00379125 0.999821 88.0987
-0.0146671 0.999891 -0.00194385 49.6148 -0.999658 -0.0146215 0.0216942 -1.63152 0.0216634 0.00226137 0.999763 88.1037
0.0133667 0.999911 -7.76855e-05 50.133 -0.999636 0.0133649 0.0234249 -1.64684 0.0234239 -0.000235457 0.999726 88.1263
0.0461793 0.998932 0.00127234 50.6612 -0.998659 0.0461367 0.0234858 -1.66624 0.023402 -0.00235519 0.999723 88.169
0.0840454 0.996461 0.00103627 51.1892 -0.996226 0.0840028 0.0218462 -1.67586 0.0216818 -0.00286843 0.999761 88.2265
0.126007 0.992027 0.00220845 51.6915 -0.991869 0.125946 0.0182867 -1.69188 0.0178627 -0.00449474 0.99983 88.3072
0.170466 0.985354 0.00434558 52.197 -0.985271 0.170387 0.0144862 -1.71056 0.0135336 -0.00675096 0.999886 88.4281
0.218478 0.975806 0.0083182 52.7011 -0.975795 0.218376 0.0116536 -1.72775 0.00955516 -0.0106629 0.999897 88.5643
0.269566 0.962922 0.010715 53.169 -0.962954 0.269458 0.0105432 -1.73644 0.00726502 -0.0131602 0.999887 88.7153
0.323549 0.946149 0.010897 53.6333 -0.946189 0.323439 0.0106791 -1.74042 0.0065795 -0.0137658 0.999884 88.9189
0.381105 0.9245 0.00771889 54.0835 -0.924501 0.38101 0.0113819 -1.76111 0.00758158 -0.0114738 0.999905 89.1252
0.440911 0.897542 0.00391631 54.4839 -0.89748 0.440817 0.0144685 -1.76835 0.0112597 -0.00989412 0.999888 89.3287
0.499888 0.866089 -0.00104684 54.8908 -0.865936 0.499822 0.0182445 -1.78467 0.0163246 -0.0082137 0.999833 89.5958
0.558234 0.829681 -0.00205088 55.2566 -0.829445 0.558131 0.022597 -1.78824 0.0198929 -0.0109133 0.999743 89.8702
0.613621 0.789596 -0.00267565 55.6166 -0.789295 0.613474 0.0257451 -1.79193 0.0219697 -0.0136859 0.999665 90.2036
0.666713 0.745302 -0.00441833 55.9436 -0.744956 0.666564 0.0270685 -1.80378 0.0231193 -0.0147555 0.999624 90.5356
0.716203 0.697865 -0.00618516 56.2402 -0.697529 0.716088 0.0259178 -1.81222 0.0225163 -0.0142481 0.999645 90.8555
0.761894 0.647696 -0.0027986 56.5375 -0.647489 0.761747 0.0223708 -1.83731 0.0166213 -0.0152321 0.999746 91.2551
0.803756 0.594958 0.000622196 56.8002 -0.594876 0.803626 0.0175333 -1.84026 0.00993157 -0.0144626 0.999846 91.6477
0.84105 0.540926 0.00578029 57.0186 -0.540948 0.840925 0.0148288 -1.85407 0.00316051 -0.0155986 0.999873 92.0311
0.872847 0.487877 0.0107099 57.2322 -0.487983 0.872766 0.0122987 -1.85162 -0.00334701 -0.0159611 0.999867 92.4693
0.899176 0.437298 0.0159432 57.4124 -0.437492 0.899145 0.0117827 -1.86382 -0.00918268 -0.0175697 0.999803 92.9125
0.920246 0.390836 0.0198632 57.5723 -0.391125 0.920238 0.0135577 -1.87625 -0.01298 -0.0202454 0.999711 93.332
0.936241 0.350599 0.0230897 57.7121 -0.351042 0.936166 0.0190646 -1.86522 -0.0149317 -0.0259545 0.999552 93.8037
0.94863 0.315523 0.0233693 57.8333 -0.31605 0.948439 0.02399 -1.86349 -0.014595 -0.0301435 0.999439 94.2609
0.958456 0.284397 0.0219322 57.9537 -0.284918 0.958195 0.0261553 -1.84132 -0.0135769 -0.0313175 0.999417 94.7312
0.964831 0.262018 0.0211529 58.0903 -0.262454 0.964705 0.0214753 -1.85668 -0.0147794 -0.0262717 0.999546 95.2076
0.968993 0.24625 0.0203347 58.2162 -0.246616 0.968946 0.0180203 -1.85805 -0.0152657 -0.0224764 0.999631 95.6829
0.972149 0.233477 0.0203539 58.3203 -0.233898 0.972021 0.021587 -1.85072 -0.0147443 -0.0257465 0.99956 96.1936
0.974356 0.22399 0.0214118 58.411 -0.224527 0.974086 0.0272656 -1.83809 -0.0147497 -0.0313739 0.999399 96.6951
0.975829 0.217485 0.0213872 58.5195 -0.218113 0.975347 0.0335502 -1.8308 -0.0135633 -0.0374041 0.999208 97.2164
0.976497 0.214676 0.019199 58.616 -0.2153 0.975703 0.0406158 -1.82255 -0.0100133 -0.0437948 0.99899 97.7263
0.976691 0.213965 0.0171664 58.7223 -0.214508 0.975842 0.0414574 -1.82723 -0.00788128 -0.0441734 0.998993 98.2537
0.976226 0.216335 0.0134921 58.847 -0.216707 0.975431 0.0396481 -1.82258 -0.00458332 -0.0416293 0.999123 98.7942
0.975345 0.220563 0.00728823 58.9801 -0.220677 0.974529 0.0399257 -1.82567 0.00170357 -0.0405497 0.999176 99.3536
0.974406 0.224774 0.00320961 59.1085 -0.224711 0.973538 0.0415833 -1.8276 0.00622218 -0.0412403 0.99913 99.9138
0.97338 0.229156 0.00435284 59.2372 -0.229121 0.972389 0.0443123 -1.8286 0.00592181 -0.0441301 0.999008 100.496
0.972082 0.234482 0.00859373 59.3654 -0.234625 0.970969 0.0465939 -1.82642 0.0025812 -0.0473094 0.998877 101.09
0.970932 0.239008 0.0129225 59.5146 -0.23935 0.969892 0.0449499 -1.83316 -0.00179003 -0.0467362 0.998906 101.698
0.969856 0.243019 0.0179176 59.6712 -0.243567 0.969015 0.0410485 -1.83394 -0.00738687 -0.0441752 0.998996 102.307
0.968938 0.246307 0.0221818 59.8274 -0.247004 0.968278 0.0377615 -1.83651 -0.0121773 -0.0420675 0.999041 102.932
0.968184 0.249269 0.0220108 59.9984 -0.2499 0.967699 0.0332928 -1.83203 -0.013001 -0.037734 0.999203 103.57
0.96801 0.250227 0.0185164 60.1649 -0.250705 0.967569 0.0309376 -1.82385 -0.0101744 -0.0345901 0.99935 104.206
0.968181 0.249996 0.01129 60.3315 -0.250227 0.967718 0.0301282 -1.82934 -0.00339357 -0.0319947 0.999482 104.869
0.968421 0.249265 0.00531527 60.4991 -0.2493 0.96783 0.0339688 -1.82241 0.00332296 -0.0342212 0.999409 105.53
0.968994 0.247075 0.00222204 60.6525 -0.246983 0.968299 0.0373775 -1.82869 0.00708343 -0.0367674 0.999299 106.199
0.96962 0.244548 0.00582933 60.8286 -0.244595 0.968936 0.0365499 -1.82414 0.00328995 -0.0368654 0.999315 106.89
0.969933 0.243075 0.0120016 61.0104 -0.243335 0.969458 0.0306344 -1.83396 -0.00418854 -0.0326337 0.999459 107.601
0.970549 0.240294 0.0171513 61.1819 -0.240701 0.970197 0.0279462 -1.83296 -0.00992483 -0.0312515 0.999462 108.326
0.970968 0.238569 0.0175021 61.352 -0.239018 0.970521 0.0309783 -1.83554 -0.00959568 -0.0342623 0.999367 109.05
0.971473 0.236688 0.0148199 61.5154 -0.237091 0.970738 0.0381505 -1.83 -0.0053565 -0.0405759 0.999162 109.781
0.972392 0.233147 0.00978703 61.6903 -0.233353 0.971556 0.0403063 -1.83558 -0.000111342 -0.0414773 0.999139 110.528
0.97334 0.229267 0.00676376 61.8686 -0.22935 0.972491 0.0407363 -1.83034 0.00276177 -0.0412015 0.999147 111.287
0.974192 0.225606 0.00719733 62.0472 -0.225715 0.973448 0.0380988 -1.8321 0.00158909 -0.0387401 0.999248 112.056
0.974975 0.222154 0.00845439 62.2313 -0.222314 0.974368 0.0343865 -1.84557 -0.000598595 -0.0354055 0.999373 112.859
0.975465 0.219913 0.0103042 62.4126 -0.220133 0.974943 0.0320451 -1.84463 -0.00299884 -0.0335272 0.999433 113.645
0.975677 0.218869 0.0123039 62.5891 -0.219146 0.975236 0.0298257 -1.84381 -0.00547131 -0.0317966 0.999479 114.437
0.975773 0.218401 0.0129535 62.7769 -0.218671 0.975464 0.0255526 -1.85165 -0.00705496 -0.0277661 0.99959 115.246
0.975855 0.217945 0.0143671 62.9461 -0.218254 0.975562 0.0253854 -1.8442 -0.00848341 -0.0279082 0.999574 116.055
0.975821 0.218117 0.0140998 63.1221 -0.218457 0.975367 0.0305801 -1.84422 -0.00708249 -0.0329209 0.999433 116.877
0.975632 0.219072 0.0122201 63.2848 -0.219377 0.974965 0.0362927 -1.84187 -0.00396349 -0.0380891 0.999266 117.69
0.975419 0.219977 0.0129533 63.45 -0.220344 0.974328 0.0461798 -1.8477 -0.00246224 -0.0478988 0.998849 118.525
0.974808 0.222537 0.0150303 63.6261 -0.223024 0.973414 0.0522128 -1.85169 -0.00301145 -0.0542496 0.998523 119.367
0.974126 0.225347 0.0172207 63.8074 -0.225953 0.972697 0.0529705 -1.84754 -0.00481373 -0.055491 0.998448 120.205
0.97346 0.228227 0.0169723 63.9896 -0.228824 0.9719 0.0552198 -1.84747 -0.00389273 -0.0576379 0.99833 121.033
0.973043 0.230139 0.0149277 64.1781 -0.230615 0.971494 0.0549141 -1.85444 -0.00186434 -0.0568764 0.998379 121.874
0.972625 0.231943 0.0142841 64.3846 -0.232368 0.971394 0.0489683 -1.85807 -0.00251765 -0.050947 0.998698 122.717
0.972616 0.23207 0.012687 64.5959 -0.232405 0.971659 0.0432083 -1.86884 -0.00230007 -0.0449736 0.998986 123.554
0.972322 0.233334 0.0120302 64.8012 -0.233633 0.971478 0.0405629 -1.885 -0.00222238 -0.0422509 0.999105 124.398
0.971892 0.234944 0.0150862 64.9998 -0.235383 0.970965 0.0426775 -1.88436 -0.00462131 -0.045029 0.998975 125.235
0.97156 0.235853 0.0210989 65.19 -0.236586 0.970579 0.0447619 -1.87648 -0.00992091 -0.0484805 0.998775 126.084
0.971298 0.236529 0.0251866 65.3829 -0.237501 0.970221 0.0475973 -1.86814 -0.0131784 -0.052213 0.998549 126.927
0.971019 0.238152 0.0201186 65.5748 -0.238857 0.969913 0.0470832 -1.87914 -0.00830026 -0.0505242 0.998688 127.743
0.971065 0.238749 0.00556567 65.7775 -0.238758 0.970075 0.0441546 -1.89025 0.00514273 -0.0442058 0.999009 128.554
0.971157 0.238409 -0.00403678 65.9836 -0.238035 0.970347 0.0420317 -1.91517 0.0139378 -0.0398584 0.999108 129.372
0.971351 0.237628 0.00324565 66.1862 -0.23757 0.970575 0.0393025 -1.90906 0.00618923 -0.0389475 0.999222 130.207
0.971478 0.236204 0.0209439 66.3876 -0.236788 0.971029 0.0321528 -1.903 -0.0127425 -0.036195 0.999264 131.048
0.971405 0.23485 0.0348857 66.5997 -0.235736 0.971524 0.0238627 -1.90118 -0.0282882 -0.0314042 0.999106 131.889
0.971742 0.233803 0.0324741 66.7861 -0.234748 0.971618 0.0291838 -1.90292 -0.0247292 -0.0359824 0.999046 132.695
0.972309 0.232829 0.0201672 66.9601 -0.23348 0.971513 0.0406139 -1.91448 -0.0101366 -0.0441979 0.998971 133.493
0.972644 0.23204 0.0110103 67.147 -0.232299 0.971754 0.0416063 -1.89483 -0.00104496 -0.0430258 0.999073 134.296
0.973138 0.230047 0.00905086 67.3385 -0.230224 0.972424 0.0372639 -1.90607 -0.000228837 -0.0383466 0.999264 135.106
0.973746 0.227423 0.00983491 67.5294 -0.22763 0.973117 0.0350414 -1.92067 -0.00160129 -0.0363602 0.999337 135.916
0.974601 0.223733 0.00979121 67.706 -0.223942 0.973922 0.0364093 -1.9277 -0.00138994 -0.0376772 0.999289 136.721
0.975659 0.21913 0.00847168 67.8842 -0.219294 0.974908 0.0382574 -1.93032 0.000124254 -0.039184 0.999232 137.53
0.976356 0.216003 0.00840529 68.0587 -0.216166 0.975488 0.0411822 -1.9445 0.000696244 -0.0420255 0.999116 138.334
0.97685 0.213714 0.00947845 68.2164 -0.213922 0.975694 0.0475301 -1.94646 0.000909789 -0.0484575 0.998825 139.139
0.977181 0.212087 0.0116454 68.3791 -0.212403 0.975986 0.0483363 -1.9541 -0.00111425 -0.0497069 0.998763 139.94
0.977398 0.210848 0.0153889 68.5508 -0.211346 0.976283 0.0469438 -1.95601 -0.0051259 -0.0491351 0.998779 140.737
0.97773 0.209279 0.0157086 68.7247 -0.209789 0.976673 0.0458107 -1.96318 -0.00575493 -0.048086 0.998827 141.537
0.978284 0.20687 0.0128721 68.889 -0.207241 0.977292 0.0441841 -1.9697 -0.00343942 -0.0458923 0.99894 142.329
0.979213 0.202672 0.0080742 69.0594 -0.202832 0.978426 0.0392616 -1.98068 5.72005e-05 -0.0400832 0.999196 143.116
0.98058 0.196015 0.00643119 69.2193 -0.196117 0.979837 0.0381815 -1.99055 0.00118262 -0.0387013 0.99925 143.913
0.981827 0.189474 0.0107399 69.3759 -0.189746 0.981129 0.0371889 -1.98613 -0.0034909 -0.038551 0.999251 144.698
0.982863 0.183415 0.0184219 69.5164 -0.183949 0.982368 0.0334024 -1.99722 -0.0119706 -0.0362187 0.999272 145.484
0.983414 0.179224 0.0278391 69.667 -0.180077 0.983134 0.0319483 -2.0014 -0.0216436 -0.0364316 0.999102 146.309
0.984068 0.175043 0.0311432 69.7914 -0.176093 0.983754 0.0349268 -1.9907 -0.0245236 -0.0398544 0.998905 147.09
0.984981 0.170554 0.0269162 69.9172 -0.1715 0.984451 0.037996 -1.97752 -0.0200173 -0.0420414 0.998915 147.893
0.986323 0.16387 0.0177154 70.0396 -0.164458 0.985591 0.0395366 -1.97903 -0.0109813 -0.0419093 0.999061 148.687
0.987484 0.157336 0.0110059 70.1731 -0.157646 0.986752 0.0383252 -1.97091 -0.00483015 -0.0395806 0.999205 149.463
0.988491 0.150854 0.011301 70.2993 -0.151172 0.987823 0.0367752 -1.97469 -0.00561575 -0.0380604 0.99926 150.292
0.989581 0.143206 0.014888 70.4029 -0.143694 0.988826 0.0397004 -1.9685 -0.00903636 -0.0414261 0.999101 151.101
0.990706 0.135285 0.0141086 70.4897 -0.135788 0.98973 0.0446668 -1.97037 -0.00792096 -0.0461674 0.998902 151.907
0.992065 0.125412 0.00888726 70.5806 -0.125698 0.990867 0.0488093 -1.96742 -0.0026848 -0.0495391 0.998769 152.722
0.993136 0.116813 0.00591316 70.6798 -0.116962 0.991968 0.0481582 -1.97354 -0.000240153 -0.0485193 0.998822 153.544
0.994014 0.108927 0.00845845 70.7647 -0.109209 0.992845 0.0482952 -1.97774 -0.00313729 -0.0489299 0.998797 154.371
0.994791 0.100828 0.0149986 70.8313 -0.101467 0.993543 0.0507542 -1.96966 -0.00978429 -0.0520117 0.998599 155.194
0.995478 0.0926775 0.0208636 70.9025 -0.0936541 0.994241 0.0520867 -1.97482 -0.0159162 -0.0538051 0.998425 156.037
0.996117 0.084749 0.0238331 70.9675 -0.0858937 0.994946 0.0520107 -1.97003 -0.0193048 -0.0538559 0.998362 156.873
0.996595 0.0784289 0.0254323 71.0272 -0.0796749 0.995444 0.0523759 -1.96214 -0.0212086 -0.0542238 0.998304 157.7
0.996953 0.0743169 0.0236881 71.0863 -0.0754754 0.995766 0.0524831 -1.9566 -0.0196874 -0.054111 0.998341 158.523
0.997391 0.0696438 0.0190065 71.1301 -0.0706206 0.995886 0.0567766 -1.95468 -0.0149742 -0.0579707 0.998206 159.359
0.997737 0.0660107 0.0127573 71.1712 -0.0666797 0.995836 0.06216 -1.94436 -0.008601 -0.06287 0.997985 160.174
0.997946 0.0632883 0.0099163 71.2089 -0.0637989 0.995866 0.0646633 -1.94121 -0.00578288 -0.0651631 0.997858 160.988
0.998085 0.0597949 0.0158304 71.254 -0.0607096 0.996001 0.0655414 -1.93785 -0.0118481 -0.066377 0.997724 161.822
0.998044 0.0570827 0.0254779 71.2913 -0.0586807 0.996016 0.0671429 -1.92246 -0.0215437 -0.0685067 0.997418 162.652
0.998015 0.0535157 0.0331956 71.3257 -0.0556974 0.996081 0.0687118 -1.918 -0.0293884 -0.0704243 0.997084 163.495
0.998354 0.0486645 0.0303384 71.3675 -0.0505472 0.996622 0.0647336 -1.90596 -0.0270857 -0.0661606 0.997441 164.303
0.998796 0.0443184 0.0210377 71.4158 -0.0454612 0.997317 0.0573722 -1.91505 -0.0184386 -0.0582595 0.998131 165.115
0.999173 0.0377829 0.0150431 71.442 -0.0385605 0.997726 0.0552783 -1.893 -0.0129203 -0.0558126 0.998358 165.925
0.999409 0.0305096 0.0158304 71.4599 -0.0313658 0.997882 0.0569963 -1.88079 -0.0140579 -0.0574592 0.998249 166.75
0.999517 0.0228494 0.0210435 71.4712 -0.0239382 0.998306 0.0530349 -1.8713 -0.019796 -0.053513 0.998371 167.572
0.999564 0.0156561 0.0250165 71.492 -0.01682 0.998753 0.0470118 -1.87561 -0.0242493 -0.0474121 0.998581 168.406
0.999557 0.00926194 0.028297 71.5092 -0.0104133 0.999112 0.0408149 -1.84856 -0.0278938 -0.0410915 0.998766 169.257
0.999583 0.00376537 0.0286241 71.5191 -0.00476243 0.999381 0.0348451 -1.84282 -0.0284752 -0.0349669 0.998983 170.09
0.999741 -0.00261034 0.0226276 71.5265 0.00190669 0.999516 0.0310631 -1.84042 -0.0226977 -0.0310119 0.999261 170.93
0.999881 -0.00960716 0.0121084 71.5204 0.00929944 0.999639 0.0252182 -1.81994 -0.0123463 -0.0251025 0.999609 171.749
0.999837 -0.0161357 0.00815626 71.5268 0.0159429 0.999604 0.0231665 -1.8122 -0.00852684 -0.0230327 0.999698 172.59
0.999626 -0.0228782 0.0149833 71.5023 0.0225657 0.999531 0.0207036 -1.80951 -0.0154499 -0.0203578 0.999673 173.439
0.999238 -0.0279582 0.0272521 71.4621 0.0272792 0.999316 0.0249754 -1.79119 -0.0279317 -0.024213 0.999317 174.289
0.998848 -0.0328987 0.0349255 71.4167 0.0318222 0.999014 0.0309434 -1.78356 -0.0359091 -0.0297964 0.998911 175.146
0.99879 -0.0363227 0.0331508 71.3843 0.0352844 0.998884 0.0313839 -1.7687 -0.0342537 -0.0301762 0.998957 175.99
0.999023 -0.0379014 0.0227158 71.3563 0.0371491 0.998775 0.0326732 -1.76429 -0.0239264 -0.0317974 0.999208 176.83
0.999092 -0.0408474 0.0121395 71.2929 0.0402886 0.998255 0.0431776 -1.73678 -0.013882 -0.0426493 0.998994 177.669
0.99906 -0.0424789 0.00859237 71.2541 0.0420663 0.998165 0.0435497 -1.72865 -0.0104265 -0.0431473 0.999014 178.515
0.998906 -0.0446904 0.0137402 71.2121 0.0441523 0.99833 0.0372412 -1.7273 -0.0153816 -0.0365938 0.999212 179.374
0.998732 -0.0451776 0.0221961 71.1757 0.0444087 0.998435 0.0339938 -1.7089 -0.0236971 -0.032965 0.999176 180.223
0.998572 -0.0455292 0.0279419 71.1334 0.0445366 0.998388 0.0351739 -1.69491 -0.0294983 -0.0338793 0.998991 181.082
0.998517 -0.0471216 0.0272686 71.0807 0.0461236 0.998282 0.0361399 -1.6846 -0.0289247 -0.0348286 0.998975 181.939
0.998635 -0.048673 0.0189603 71.0449 0.048023 0.998289 0.0333488 -1.6749 -0.0205511 -0.0323927 0.999264 182.773
0.998689 -0.0505343 0.00819727 71.0121 0.0502878 0.998345 0.0279088 -1.66876 -0.00959406 -0.02746 0.999577 183.613
0.998614 -0.0524424 0.00442786 70.9806 0.052347 0.998439 0.0194551 -1.6672 -0.00544122 -0.0191963 0.999801 184.461
0.998541 -0.0534007 0.00803827 70.9274 0.053213 0.998341 0.0219911 -1.66148 -0.00919928 -0.0215313 0.999726 185.325
0.998342 -0.0546712 0.0179929 70.8726 0.0542411 0.998249 0.0235786 -1.64923 -0.0192504 -0.0225636 0.99956 186.184
0.998182 -0.0559988 0.0222738 70.8165 0.0554685 0.998178 0.0237543 -1.64876 -0.0235634 -0.0224756 0.99947 187.038
0.998207 -0.0567786 0.0189532 70.7671 0.0562822 0.998082 0.0257689 -1.64183 -0.02038 -0.024656 0.999488 187.886
0.998317 -0.0564456 0.0132873 70.7143 0.0560538 0.998029 0.028208 -1.64008 -0.0148534 -0.0274157 0.999514 188.732
0.99831 -0.0568497 0.012062 70.6542 0.0564187 0.997846 0.0334844 -1.62557 -0.0139395 -0.0327472 0.999366 189.571
0.998254 -0.0572458 0.0145698 70.5934 0.056687 0.997734 0.0362467 -1.62263 -0.0166118 -0.0353575 0.999237 190.405
0.998157 -0.0581712 0.0172972 70.5338 0.0574011 0.997463 0.0421024 -1.6122 -0.0197025 -0.0410319 0.998964 191.246
0.998095 -0.0584359 0.0197668 70.4802 0.057491 0.997313 0.0454007 -1.60725 -0.0223667 -0.0441779 0.998773 192.095
0.998054 -0.0591262 0.0197849 70.4201 0.0581585 0.997231 0.046354 -1.60092 -0.0224709 -0.0451131 0.998729 192.914
0.998093 -0.0594798 0.0165235 70.3708 0.0586703 0.997227 0.0457771 -1.60065 -0.0192005 -0.0447204 0.998815 193.742
0.998112 -0.0602785 0.0117532 70.3119 0.0596471 0.997055 0.0481996 -1.59774 -0.014624 -0.0474076 0.998769 194.545
0.998021 -0.0617735 0.0117328 70.2558 0.0611151 0.996878 0.0499907 -1.59502 -0.0147842 -0.0491748 0.998681 195.362
0.99773 -0.064287 0.0200666 70.2101 0.0631807 0.996667 0.0516007 -1.5738 -0.0233169 -0.0502157 0.998466 196.196
