0.999991 -0.0039979 -0.00112481 -0.00871703 0.00399953 0.999991 0.00145735 -0.00674759 0.00111897 -0.00146184 0.999998 0.70732
0.999964 -0.00803415 -0.00254512 -0.0189239 0.00803785 0.999967 0.00144637 -0.00458828 0.00253342 -0.00146678 0.999996 1.43203
0.999917 -0.0124789 -0.00332315 -0.0360242 0.0124884 0.999918 0.00287629 -0.00926026 0.00328698 -0.00291755 0.99999 2.16652
0.999856 -0.0166644 -0.00334112 -0.051472 0.0166711 0.999859 0.00199281 -0.0151257 0.00330744 -0.00204822 0.999992 2.90744
0.999771 -0.0210026 -0.00411369 -0.0793315 0.0210154 0.999774 0.00309635 -0.0234469 0.00404774 -0.00318209 0.999987 3.68596
0.999662 -0.0255772 -0.00456509 -0.109127 0.0256059 0.999652 0.006347 -0.0309052 0.00440116 -0.00646175 0.999969 4.45388
0.999549 -0.0297832 -0.00372053 -0.146095 0.0298131 0.999521 0.00827724 -0.0338257 0.00347223 -0.00838443 0.999959 5.25402
0.999421 -0.034005 -0.00105308 -0.1825 0.0340125 0.999387 0.00825773 -0.0399489 0.000771631 -0.00828877 0.999965 6.05567
0.999289 -0.0376943 0.00123376 -0.210725 0.0376849 0.999266 0.00695025 -0.0474357 -0.00149484 -0.00689881 0.999975 6.87255
0.999196 -0.040083 0.00117948 -0.250377 0.0400737 0.999172 0.00708882 -0.054466 -0.00146264 -0.00703585 0.999974 7.68393
0.999107 -0.0422529 0.000482639 -0.292171 0.0422485 0.999083 0.00695581 -0.0552429 -0.000776099 -0.0069292 0.999976 8.50828
0.999033 -0.0439605 0.000265852 -0.329262 0.0439586 0.999021 0.00497279 -0.0640482 -0.000484198 -0.0049563 0.999988 9.33792
0.998929 -0.04626 0.001033 -0.371183 0.0462543 0.998917 0.00497156 -0.0642748 -0.00126186 -0.00491845 0.999987 10.1837
0.998853 -0.0478615 0.0012836 -0.408586 0.0478591 0.998852 0.00181758 -0.0710102 -0.00136912 -0.00175406 0.999998 11.0375
0.998765 -0.0496839 -0.000862238 -0.458568 0.0496872 0.998756 0.0042945 -0.0749965 0.000647798 -0.00433204 0.99999 11.9049
0.998683 -0.0511872 -0.00342047 -0.511298 0.0512079 0.998668 0.00626553 -0.0868921 0.0030952 -0.00643244 0.999975 12.7803
0.998598 -0.052698 -0.0049522 -0.560721 0.0527428 0.998564 0.00939908 -0.0871245 0.00444977 -0.0096471 0.999944 13.658
0.998537 -0.053838 -0.00497445 -0.614629 0.0538881 0.998491 0.0105421 -0.0938107 0.00439939 -0.0107947 0.999932 14.5443
0.99847 -0.0551977 -0.00337635 -0.664423 0.0552283 0.998426 0.00977887 -0.103285 0.00283126 -0.00995038 0.999946 15.4527
0.998408 -0.0563693 -0.0020698 -0.720202 0.0563865 0.998364 0.00948626 -0.113119 0.00153168 -0.00958786 0.999953 16.3532
0.998346 -0.0574672 -0.00157325 -0.774522 0.0574798 0.9983 0.00969792 -0.125631 0.00101326 -0.00977231 0.999952 17.2587
0.998277 -0.0586257 -0.00259943 -0.8309 0.0586478 0.998234 0.00943326 -0.129171 0.00204181 -0.00956945 0.999952 18.1705
0.99822 -0.0595772 -0.002858 -0.892153 0.0596004 0.998183 0.00890023 -0.139252 0.00232256 -0.00905473 0.999956 19.091
0.998194 -0.0600669 -0.0012675 -0.942606 0.0600759 0.998153 0.00899152 -0.1506 0.000725067 -0.00905143 0.999959 20.0075
0.998197 -0.0599893 0.00201331 -1.00278 0.0599683 0.998157 0.0092566 -0.150527 -0.0025649 -0.00911918 0.999955 20.9417
0.998205 -0.0596324 0.00556127 -1.06824 0.059577 0.998177 0.00963859 -0.154841 -0.00612591 -0.00928997 0.999938 21.8848
0.998283 -0.057951 0.00849056 -1.12392 0.0578625 0.998271 0.0103145 -0.155671 -0.00907362 -0.00980547 0.999911 22.8265
0.998372 -0.056224 0.00963551 -1.17998 0.0561438 0.998387 0.00840097 -0.152346 -0.0100923 -0.00784632 0.999918 23.7823
0.998469 -0.0548779 0.00697051 -1.23917 0.0548159 0.998458 0.00879255 -0.15112 -0.00744228 -0.00839699 0.999937 24.7219
0.99856 -0.0535878 0.00243702 -1.30499 0.0535565 0.998499 0.0114838 -0.155198 -0.00304876 -0.0113367 0.999931 25.6919
0.998625 -0.0524149 -0.000366447 -1.35647 0.0524156 0.998555 0.0118377 -0.159645 -0.000254556 -0.0118407 0.99993 26.6477
0.99867 -0.0515452 0.000754923 -1.40497 0.0515349 0.99862 0.0101552 -0.16815 -0.00127733 -0.0101028 0.999948 27.6172
0.998646 -0.0517119 0.00562538 -1.45738 0.0516789 0.998646 0.00587304 -0.167095 -0.00592147 -0.00557438 0.999967 28.6056
0.998571 -0.0526019 0.00946939 -1.51279 0.0525961 0.998615 0.000855965 -0.163941 -0.0095013 -0.000356688 0.999955 29.5789
0.998529 -0.0533801 0.00953804 -1.55784 0.053441 0.998551 -0.00625045 -0.17219 -0.00919057 0.00675097 0.999935 30.5534
0.998495 -0.0545326 0.00582944 -1.60796 0.0545687 0.998491 -0.00622811 -0.171927 -0.005481 0.00653684 0.999964 31.5384
0.998408 -0.0563715 0.00206473 -1.66155 0.0563817 0.998395 -0.00524818 -0.177454 -0.00176557 0.00535623 0.999984 32.5143
0.998292 -0.0584122 0.00102023 -1.72943 0.0584155 0.998286 -0.00369194 -0.17437 -0.000802827 0.00374523 0.999993 33.5033
0.99823 -0.0594095 0.00275067 -1.78831 0.0594251 0.998215 -0.00597106 -0.184388 -0.00239102 0.00612395 0.999978 34.52
0.998133 -0.0608483 0.00525942 -1.86034 0.0608719 0.998136 -0.00445522 -0.179256 -0.00497852 0.00476705 0.999976 35.5204
0.998059 -0.0619411 0.00643842 -1.9303 0.0619465 0.998079 -0.000656879 -0.1925 -0.00638537 0.00105444 0.999979 36.5298
0.997968 -0.0631088 0.00880494 -2.00007 0.0631213 0.998005 -0.00115703 -0.189054 -0.00871436 0.00171046 0.999961 37.5287
0.997945 -0.0628888 0.0122596 -2.06631 0.0629024 0.998019 -0.00072859 -0.193699 -0.0121895 0.00149825 0.999925 38.5327
0.997897 -0.063209 0.0143653 -2.14049 0.0631782 0.997999 0.00258787 -0.180032 -0.0145002 -0.00167486 0.999893 39.5378
0.997902 -0.0632269 0.013908 -2.2087 0.0631627 0.997991 0.00500337 -0.184729 -0.0141964 -0.00411441 0.999891 40.5313
0.997924 -0.0631874 0.0124882 -2.27565 0.0631405 0.997996 0.0041115 -0.181123 -0.012723 -0.00331445 0.999914 41.5345
0.997976 -0.0628227 0.00987258 -2.35228 0.0627421 0.997996 0.00827019 -0.181045 -0.0103723 -0.00763403 0.999917 42.5427
0.99791 -0.0638516 0.00997041 -2.42043 0.0637635 0.997925 0.00892001 -0.182032 -0.0105193 -0.00826561 0.999911 43.5256
0.99781 -0.0651002 0.0116823 -2.48501 0.0650488 0.997871 0.00472119 -0.179591 -0.0119648 -0.00395093 0.999921 44.5116
0.997742 -0.0659727 0.0126095 -2.55278 0.0659234 0.997815 0.00428293 -0.169011 -0.0128645 -0.00344199 0.999911 45.5122
0.99774 -0.0664338 0.0100576 -2.62079 0.0663824 0.99778 0.00536369 -0.178623 -0.0103916 -0.00468392 0.999935 46.4794
0.997732 -0.0671374 0.00488787 -2.69971 0.0670905 0.997705 0.00918913 -0.176852 -0.00549358 -0.00884036 0.999946 47.4673
0.997718 -0.0674136 0.00383679 -2.77714 0.0673719 0.997677 0.0101189 -0.185744 -0.00451002 -0.00983732 0.999941 48.4329
0.997674 -0.0678098 0.00702402 -2.84114 0.0677443 0.99766 0.00917916 -0.183295 -0.00763002 -0.00868197 0.999933 49.4093
0.997635 -0.0678317 0.0110701 -2.90869 0.0677714 0.997684 0.0057364 -0.191922 -0.0114336 -0.0049726 0.999922 50.4011
0.997595 -0.068337 0.0116182 -2.97955 0.0682841 0.997654 0.00488913 -0.187071 -0.011925 -0.00408403 0.999921 51.3552
0.997606 -0.0682948 0.0108853 -3.03828 0.0682724 0.997664 0.00241247 -0.192077 -0.0110246 -0.00166353 0.999938 52.3185
0.997595 -0.0686003 0.00988096 -3.10575 0.068604 0.997644 -3.53862e-05 -0.200837 -0.00985525 0.000713175 0.999951 53.2897
0.997502 -0.0697695 0.0110043 -3.17726 0.0697861 0.997561 -0.00113174 -0.196846 -0.0108985 0.00189687 0.999939 54.2425
0.997392 -0.0705272 0.0153531 -3.24501 0.070601 0.997495 -0.00431695 -0.191682 -0.0150102 0.00538964 0.999873 55.2011
0.99725 -0.071163 0.0206959 -3.30953 0.0713215 0.997429 -0.00702512 -0.194677 -0.0201428 0.00848186 0.999761 56.1574
0.997161 -0.0717156 0.022957 -3.38313 0.0718676 0.997397 -0.00586508 -0.178474 -0.0224766 0.00749829 0.999719 57.1008
0.997147 -0.0728928 0.0196033 -3.45574 0.0730216 0.997313 -0.00593726 -0.171513 -0.0191178 0.00735178 0.99979 58.0443
0.997146 -0.074527 0.0120761 -3.53516 0.0745716 0.99721 -0.00328108 -0.165749 -0.0117979 0.00417225 0.999922 58.9596
0.997137 -0.0753154 0.00678885 -3.60745 0.0753262 0.997158 -0.00134119 -0.173282 -0.00666854 0.00184873 0.999976 59.8763
0.997068 -0.0761866 0.00719462 -3.69081 0.0761625 0.997089 0.00356453 -0.165279 -0.00744524 -0.00300612 0.999968 60.792
0.996969 -0.0772414 0.0093444 -3.7718 0.0771861 0.996998 0.00614325 -0.170425 -0.00979086 -0.00540337 0.999937 61.6916
0.996848 -0.0785686 0.0110043 -3.84776 0.0784976 0.996892 0.00674198 -0.172336 -0.0114998 -0.00585692 0.999917 62.5737
0.996774 -0.0795389 0.0106879 -3.92339 0.0794413 0.996796 0.00927318 -0.180293 -0.0113913 -0.00839421 0.9999 63.4469
0.996641 -0.0810942 0.011407 -4.0023 0.0809833 0.996667 0.00986779 -0.178583 -0.0121692 -0.00891087 0.999886 64.3058
0.996513 -0.0825591 0.0121133 -4.077 0.0824376 0.996544 0.0102097 -0.183194 -0.0129144 -0.0091755 0.999875 65.1496
0.996382 -0.0840684 0.0124849 -4.14878 0.0839535 0.996425 0.00945453 -0.185198 -0.0132351 -0.00837217 0.999877 65.9796
0.996258 -0.0854042 0.0132435 -4.2184 0.0852702 0.996304 0.0103687 -0.188693 -0.0140801 -0.00920063 0.999859 66.7923
0.996118 -0.0866101 0.0157148 -4.29745 0.0864234 0.996184 0.0121966 -0.18402 -0.0167112 -0.0107911 0.999802 67.5907
0.995927 -0.0880114 0.0195785 -4.371 0.087772 0.996059 0.0127704 -0.175758 -0.0206253 -0.0109999 0.999727 68.3825
0.995729 -0.089807 0.0213951 -4.44849 0.0895156 0.995884 0.0142111 -0.170761 -0.0225833 -0.0122352 0.99967 69.1507
0.995691 -0.090993 0.0178897 -4.52403 0.0906899 0.995733 0.0170813 -0.178589 -0.0193677 -0.0153852 0.999694 69.8999
0.995697 -0.0920799 0.0103854 -4.59825 0.0918758 0.995596 0.0186611 -0.176176 -0.012058 -0.0176266 0.999772 70.6198
0.995655 -0.0930066 0.00460654 -4.66976 0.092907 0.995504 0.0184568 -0.17714 -0.00630243 -0.0179486 0.999819 71.3388
0.995627 -0.0933755 0.00295313 -4.7368 0.0932927 0.995414 0.0211752 -0.177373 -0.00491683 -0.0208071 0.999771 72.0292
0.995545 -0.0940858 0.00618746 -4.81129 0.0939287 0.995334 0.0220734 -0.180807 -0.00823539 -0.0213939 0.999737 72.7164
0.995423 -0.0951629 0.00875663 -4.88456 0.0949678 0.995269 0.0205017 -0.186244 -0.0106662 -0.0195763 0.999751 73.3752
0.995352 -0.0961037 0.00614453 -4.94283 0.0959724 0.995204 0.0189469 -0.193578 -0.00793592 -0.0182691 0.999802 74.007
0.995407 -0.0957097 0.00191236 -4.99052 0.0956798 0.995339 0.0121063 -0.202402 -0.00306213 -0.0118677 0.999925 74.6137
0.995512 -0.0946088 -0.00234425 -5.05034 0.0946241 0.995484 0.00765992 -0.209498 0.00160897 -0.00784736 0.999968 75.2152
0.995796 -0.0915561 -0.00296315 -5.11238 0.0915821 0.995744 0.0103361 -0.214962 0.00200421 -0.010564 0.999942 75.8015
0.996171 -0.0874224 -0.000709116 -5.17449 0.0874232 0.996058 0.0150271 -0.212046 -0.000607383 -0.0150315 0.999887 76.3703
0.996571 -0.0827075 0.00257555 -5.2192 0.0826628 0.996475 0.0142694 -0.222881 -0.00374667 -0.0140076 0.999895 76.9378
0.996984 -0.0772753 0.00716348 -5.25654 0.0771942 0.996956 0.0109808 -0.231432 -0.00799022 -0.0103947 0.999914 77.4782
0.997549 -0.0690537 0.0113232 -5.28774 0.0689854 0.997598 0.00631025 -0.24374 -0.0117318 -0.00551364 0.999916 78.0175
0.99822 -0.0585515 0.0113368 -5.32829 0.0584423 0.998243 0.00973528 -0.24833 -0.0118869 -0.00905541 0.999888 78.5227
0.998993 -0.0435374 0.010802 -5.36161 0.0433736 0.998947 0.0149682 -0.246881 -0.0114423 -0.0144847 0.99983 79.0229
0.999615 -0.0253398 0.0113384 -5.38012 0.0251083 0.999482 0.0201196 -0.239719 -0.0118424 -0.0198271 0.999733 79.5222
0.999917 -0.0036214 0.0123807 -5.36987 0.00338264 0.999809 0.0192521 -0.243077 -0.0124481 -0.0192086 0.999738 79.9982
0.999652 0.0224438 0.0138645 -5.34891 -0.0226598 0.999621 0.0156204 -0.250009 -0.0135086 -0.0159291 0.999782 80.4713
0.998544 0.0515985 0.0157094 -5.30878 -0.0518331 0.998544 0.014912 -0.252007 -0.014917 -0.0157046 0.999765 80.9236
0.996256 0.0845694 0.0179483 -5.26791 -0.0848335 0.99629 0.0145024 -0.250454 -0.0166552 -0.0159707 0.999734 81.3719
0.992359 0.121927 0.0188851 -5.19983 -0.122213 0.992393 0.014817 -0.25139 -0.0169349 -0.0170118 0.999712 81.8286
0.986406 0.163099 0.0200675 -5.12282 -0.163411 0.986444 0.0149921 -0.250469 -0.0173503 -0.0180675 0.999686 82.2482
0.977852 0.208287 0.0205418 -5.02749 -0.208606 0.977888 0.0148207 -0.251713 -0.0170006 -0.0187775 0.999679 82.6651
0.966227 0.256914 0.0200134 -4.89418 -0.257255 0.966197 0.0168441 -0.247824 -0.0150094 -0.0214238 0.999658 83.0903
0.950687 0.309572 0.018949 -4.76142 -0.309891 0.950617 0.0171692 -0.252052 -0.0126981 -0.0221947 0.999673 83.4675
0.931054 0.364443 0.0178795 -4.565 -0.364736 0.930948 0.0174405 -0.251677 -0.0102888 -0.0227594 0.999688 83.8624
0.906703 0.421411 0.0173693 -4.3993 -0.421686 0.906572 0.0175564 -0.250791 -0.00834802 -0.0232429 0.999695 84.2001
0.877801 0.478741 0.0164884 -4.18911 -0.478989 0.877637 0.0179755 -0.238852 -0.00586521 -0.0236767 0.999702 84.5362
0.844622 0.535165 0.0145637 -3.91766 -0.535351 0.844475 0.0161716 -0.253215 -0.00364422 -0.0214555 0.999763 84.8888
0.807872 0.589185 0.0142721 -3.69376 -0.589354 0.807717 0.0159534 -0.254421 -0.00212832 -0.0212996 0.999771 85.1609
0.768079 0.640171 0.015329 -3.39794 -0.64035 0.767947 0.0144464 -0.267521 -0.00252369 -0.0209119 0.999778 85.4642
0.725311 0.688186 0.0180301 -3.14428 -0.688412 0.725189 0.0137834 -0.262579 -0.00358968 -0.0224094 0.999742 85.7078
0.680194 0.732795 0.0186392 -2.85424 -0.733024 0.680086 0.0126134 -0.261382 -0.00343322 -0.0222425 0.999747 85.9455
0.633288 0.773743 0.0163763 -2.50978 -0.773914 0.633195 0.0110261 -0.266206 -0.00183799 -0.0196566 0.999805 86.1867
0.586695 0.809704 0.0129945 -2.20408 -0.809807 0.586648 0.0075717 -0.288161 -0.00149234 -0.0149653 0.999887 86.3535
0.539544 0.841844 0.0138266 -1.86227 -0.841957 0.539466 0.00921355 -0.284789 0.000297395 -0.0166125 0.999862 86.5559
0.492591 0.870102 0.0166311 -1.55197 -0.870259 0.492457 0.0116231 -0.281602 0.00192319 -0.0201988 0.999794 86.7024
0.446913 0.894409 0.0173551 -1.21559 -0.894568 0.446736 0.0132097 -0.287887 0.00406172 -0.0214288 0.999762 86.8545
0.403944 0.914714 0.0113296 -0.841666 -0.914766 0.403828 0.0112594 -0.28285 0.00572389 -0.0149121 0.999872 87.0032
0.364469 0.931215 0.00055873 -0.494808 -0.931212 0.364466 0.002809 -0.312362 0.00241215 -0.00154409 0.999996 87.0769
0.328928 0.944347 -0.00389897 -0.137504 -0.944355 0.328925 -0.00140227 -0.313931 -4.17625e-05 0.00414326 0.999991 87.1652
0.294277 0.955718 -0.00174751 0.243216 -0.955716 0.294281 0.0022443 -0.324363 0.00265918 0.00100968 0.999996 87.2833
0.262725 0.964847 0.00677873 0.592087 -0.964836 0.26265 0.0103495 -0.31747 0.00820529 -0.00925945 0.999923 87.3876
0.233389 0.972315 0.0115183 0.972607 -0.972312 0.233211 0.0149285 -0.320081 0.011829 -0.0146835 0.999822 87.4804
0.206712 0.978347 0.0103853 1.37592 -0.9783 0.206527 0.0165896 -0.332872 0.0140856 -0.0135892 0.999808 87.5573
0.18301 0.983106 0.00325651 1.76994 -0.98297 0.182926 0.0175655 -0.341217 0.016673 -0.0064157 0.99984 87.612
0.161891 0.986801 -0.0039534 2.17254 -0.986523 0.161939 0.0234259 -0.352138 0.0237569 0.000107671 0.999718 87.6626
0.141894 0.989864 -0.00600301 2.60043 -0.989393 0.142012 0.0305759 -0.342564 0.0311184 0.00160079 0.999514 87.7157
0.12432 0.992237 -0.00308873 3.04062 -0.991735 0.124355 0.0315754 -0.352453 0.0317144 -0.000862252 0.999497 87.7713
0.108976 0.994044 -0.00111034 3.48578 -0.993677 0.108966 0.0270632 -0.365948 0.027023 -0.00184592 0.999633 87.825
0.0945961 0.995516 -0.000276069 3.96227 -0.995242 0.0945766 0.0234203 -0.388873 0.0233413 -0.00194071 0.999726 87.8617
0.0820629 0.996625 -0.00199097 4.43787 -0.99641 0.0820866 0.0207045 -0.401559 0.0207981 0.000284743 0.999784 87.8964
0.070795 0.997473 -0.00601577 4.9465 -0.997299 0.0708984 0.0191975 -0.417689 0.0195754 0.00464044 0.999798 87.928
0.061575 0.998066 -0.00848159 5.46667 -0.997904 0.0617299 0.0193961 -0.430744 0.0198822 0.0072695 0.999776 87.9514
0.0544725 0.998463 -0.0101787 5.99372 -0.998312 0.0546641 0.0196083 -0.447539 0.0201346 0.00909343 0.999756 87.9716
0.0486674 0.998742 -0.0120404 6.54307 -0.998604 0.0489012 0.0199484 -0.457952 0.0205121 0.0110528 0.999729 87.9974
0.0431147 0.99899 -0.0126661 7.10815 -0.998846 0.04337 0.0206291 -0.470444 0.0211576 0.011762 0.999707 88.0257
0.0372643 0.999225 -0.0126437 7.69594 -0.999064 0.0375302 0.0214855 -0.479997 0.0219434 0.0118312 0.999689 88.0503
0.0329612 0.999354 -0.0143423 8.29687 -0.999217 0.0332643 0.0214312 -0.495077 0.0218944 0.0136247 0.999667 88.0674
0.0299363 0.999433 -0.0154085 8.91449 -0.999318 0.0302592 0.0211655 -0.513174 0.0216198 0.0147644 0.999657 88.0928
0.0269358 0.999498 -0.016653 9.54232 -0.999415 0.0272774 0.0206335 -0.529155 0.0210774 0.0160875 0.999648 88.1119
0.0246873 0.999532 -0.0180515 10.2041 -0.999479 0.0250538 0.0203673 -0.541736 0.02081 0.0175393 0.99963 88.1249
0.0238326 0.999494 -0.0210637 10.879 -0.999507 0.0242531 0.0199407 -0.561637 0.0204415 0.0205781 0.999579 88.1388
0.0246951 0.99939 -0.0246882 11.5714 -0.999496 0.0251758 0.0193532 -0.577513 0.019963 0.0241978 0.999508 88.1504
0.0271492 0.999277 -0.0265984 12.2844 -0.99943 0.0276679 0.0193331 -0.59234 0.020055 0.0260584 0.999459 88.1656
0.0309405 0.999136 -0.0277561 13.0154 -0.999317 0.0314829 0.0193239 -0.609394 0.020181 0.0271393 0.999428 88.19
0.03519 0.998966 -0.028787 13.7666 -0.999181 0.0357442 0.0189711 -0.626582 0.0199805 0.0280958 0.999406 88.2188
0.0397331 0.998754 -0.0301964 14.5247 -0.999037 0.0402711 0.0174195 -0.644473 0.0186139 0.0294752 0.999392 88.2487
0.0441235 0.998535 -0.031315 15.3055 -0.998876 0.0446384 0.0159374 -0.663377 0.0173119 0.0305766 0.999382 88.2881
0.0486059 0.998376 -0.0297135 16.096 -0.9987 0.0490356 0.0139093 -0.680903 0.0153438 0.0289988 0.999462 88.3277
0.0528928 0.99822 -0.0275698 16.8805 -0.998499 0.05326 0.0127602 -0.69271 0.0142058 0.0268535 0.999538 88.3744
0.0568189 0.998099 -0.0238698 17.685 -0.998272 0.0571549 0.0136395 -0.710811 0.0149778 0.0230536 0.999622 88.4248
0.0599045 0.997935 -0.02317 18.5003 -0.99803 0.060311 0.0172647 -0.734555 0.0186265 0.0220902 0.999582 88.4814
0.0615337 0.99795 -0.0175937 19.3133 -0.997828 0.0619225 0.022481 -0.748538 0.0235244 0.0161721 0.999592 88.545
0.0615071 0.998011 -0.0137821 20.1317 -0.997762 0.0618428 0.0254248 -0.772525 0.0262266 0.0121875 0.999582 88.6037
0.0616261 0.998026 -0.0120632 20.9527 -0.997763 0.0619146 0.0252159 -0.794422 0.025913 0.0104823 0.999609 88.6707
0.0614525 0.998053 -0.0106812 21.7822 -0.997819 0.0616894 0.0234847 -0.823952 0.0240978 0.00921467 0.999667 88.7278
0.0611186 0.998085 -0.00957865 22.6063 -0.997879 0.0613158 0.0218501 -0.858133 0.0223956 0.00822288 0.999715 88.7778
0.0610534 0.9981 -0.00832147 23.4237 -0.997897 0.0612186 0.0212991 -0.882868 0.0217681 0.00700359 0.999739 88.8356
0.0613552 0.998092 -0.00689175 24.2421 -0.997879 0.0614896 0.0213716 -0.910324 0.0217546 0.00556587 0.999748 88.892
0.0615128 0.998089 -0.00588573 25.0716 -0.997859 0.0616278 0.0219106 -0.936887 0.0222314 0.00452535 0.999743 88.9463
0.0604785 0.998166 -0.00252049 25.8936 -0.997901 0.0605206 0.0230499 -0.969518 0.0231601 0.00112118 0.999731 89.0154
0.0579868 0.998317 -0.00037271 26.7113 -0.998058 0.0579802 0.0227732 -0.993566 0.0227565 -0.00094856 0.999741 89.0758
0.0543234 0.998522 0.00153283 27.5195 -0.998294 0.054278 0.021504 -1.01922 0.021389 -0.00269839 0.999768 89.1291
0.0497581 0.998759 0.00195438 28.3375 -0.99858 0.0497117 0.0191437 -1.04691 0.0190228 -0.00290416 0.999815 89.1834
0.0437333 0.999033 0.0045322 29.1642 -0.998898 0.043649 0.0172613 -1.06657 0.0170468 -0.00528209 0.999841 89.2348
0.0361479 0.999333 0.00515207 29.9922 -0.999205 0.0360555 0.0170297 -1.09881 0.0168325 -0.00576356 0.999842 89.2711
0.0273092 0.999613 0.00536866 30.8024 -0.999471 0.0272098 0.0177931 -1.1164 0.0176401 -0.00585174 0.999827 89.3069
0.0172315 0.999834 0.00591715 31.6137 -0.999694 0.0171233 0.0178752 -1.14546 0.0177709 -0.00622335 0.999823 89.3241
0.00704028 0.999963 0.0049398 32.4169 -0.999831 0.00695521 0.017032 -1.16641 0.016997 -0.00505887 0.999843 89.3278
-0.00325563 0.999981 0.00528362 33.2159 -0.999866 -0.00333993 0.0160247 -1.19247 0.016042 -0.00523074 0.999858 89.3265
-0.013968 0.99989 0.00490626 34.0113 -0.999789 -0.01404 0.0149689 -1.21507 0.0150361 -0.00469615 0.999876 89.3167
-0.0245963 0.999683 0.00532823 34.7914 -0.99958 -0.0246747 0.0151847 -1.23929 0.0153114 -0.00495251 0.999871 89.298
-0.035572 0.999355 0.00495468 35.5742 -0.999246 -0.0356444 0.0153895 -1.26233 0.0155561 -0.00440351 0.999869 89.2724
-0.0466585 0.998901 0.00436914 36.3509 -0.998778 -0.0467233 0.0161228 -1.2854 0.0163093 -0.00361153 0.99986 89.2414
-0.0568906 0.99837 0.00466386 37.126 -0.998234 -0.0569616 0.0168515 -1.306 0.0170897 -0.00369693 0.999847 89.2
-0.0665842 0.997769 0.00493157 37.8938 -0.997625 -0.0666603 0.0173578 -1.32772 0.0176478 -0.0037641 0.999837 89.1441
-0.0761675 0.997085 0.00452601 38.6371 -0.996933 -0.0762362 0.0177058 -1.35093 0.0179992 -0.00316353 0.999833 89.0928
-0.0857449 0.996313 0.00301508 39.3874 -0.996154 -0.0857853 0.0178582 -1.37415 0.018051 -0.00147222 0.999836 89.041
-0.0947677 0.995497 0.00214591 40.1312 -0.995346 -0.0947907 0.0173596 -1.40093 0.0174848 -0.000490796 0.999847 88.9658
-0.102361 0.994746 0.0013424 40.8699 -0.994614 -0.102369 0.0162216 -1.42313 0.0162738 0.000325281 0.999868 88.8868
-0.108019 0.994148 -0.00155507 41.5958 -0.994045 -0.107985 0.0146528 -1.44647 0.0143992 0.00312859 0.999891 88.8124
-0.112443 0.993647 -0.00465373 42.3092 -0.993579 -0.112374 0.0131825 -1.47 0.0125758 0.00610612 0.999902 88.7306
-0.115742 0.993259 -0.00629955 43.0149 -0.99322 -0.115663 0.0116965 -1.4867 0.010889 0.0076106 0.999912 88.6472
-0.117743 0.993013 -0.00791655 43.698 -0.992994 -0.117653 0.0109761 -1.50479 0.00996799 0.00915345 0.999908 88.5666
-0.11843 0.992937 -0.00708738 44.3694 -0.992911 -0.118348 0.0110188 -1.5234 0.0101022 0.00834209 0.999914 88.4854
-0.117815 0.993002 -0.00820393 45.0233 -0.992979 -0.117716 0.0116579 -1.53994 0.0106106 0.0095198 0.999898 88.4141
-0.11517 0.993314 -0.00795745 45.662 -0.993275 -0.115062 0.0128503 -1.56046 0.0118487 0.0093839 0.999886 88.3416
-0.109846 0.993912 -0.00847355 46.2908 -0.993865 -0.109723 0.0138774 -1.5739 0.0128632 0.00994595 0.999868 88.2677
-0.10223 0.994724 -0.00855357 46.9018 -0.994671 -0.102101 0.0143237 -1.58971 0.0133748 0.00997229 0.999861 88.2164
-0.0909378 0.995831 -0.00719514 47.4866 -0.995763 -0.0908276 0.0143972 -1.60254 0.0136837 0.0084739 0.99987 88.1688
-0.0774829 0.996972 -0.00658835 48.0616 -0.996893 -0.0773794 0.0147235 -1.62436 0.0141692 0.00770871 0.99987 88.1284
-0.0600265 0.998178 -0.00612449 48.5998 -0.99807 -0.0599198 0.0163151 -1.63842 0.0159184 0.007092 0.999848 88.1032
-0.0388019 0.999236 -0.00473734 49.1344 -0.999073 -0.0387063 0.0188476 -1.65738 0.0186498 0.00546427 0.999811 88.0989
-0.0139682 0.999896 -0.00366113 49.6667 -0.999663 -0.0138847 0.0219346 -1.67747 0.0218815 0.00396628 0.999753 88.1041
0.0142302 0.999897 -0.0018353 50.1847 -0.999617 0.0142697 0.0237247 -1.69292 0.0237485 0.00149699 0.999717 88.1271
0.0472254 0.998884 -0.000525393 50.7127 -0.998599 0.0472245 0.023859 -1.71252 0.0238571 -0.000602091 0.999715 88.1702
0.0852887 0.996356 -0.000801251 51.2405 -0.996107 0.0852853 0.0223065 -1.72241 0.0222936 -0.00110436 0.999751 88.2282
0.127456 0.991844 0.000332501 51.7425 -0.991669 0.127427 0.0188498 -1.73878 0.0186537 -0.00273225 0.999822 88.3095
0.17212 0.985073 0.00242997 52.2477 -0.984969 0.172064 0.0151673 -1.75794 0.0145228 -0.00500404 0.999882 88.431
0.220158 0.975443 0.00637968 52.7515 -0.975407 0.220069 0.0123213 -1.77572 0.0106148 -0.00893542 0.999904 88.5681
0.271262 0.962466 0.0087508 53.2192 -0.962469 0.271161 0.0111949 -1.78501 0.00840185 -0.0114591 0.999899 88.7198
0.325249 0.945587 0.00890489 53.6831 -0.945596 0.325146 0.0113109 -1.78968 0.00780006 -0.0120993 0.999896 88.9243
0.382796 0.923815 0.00569785 54.1328 -0.92379 0.382711 0.0119876 -1.81105 0.00889367 -0.00985241 0.999912 89.1313
0.442576 0.896729 0.0018619 54.5329 -0.896642 0.442501 0.0150465 -1.81894 0.0126688 -0.00832869 0.999885 89.3355
0.501512 0.865145 -0.00313605 54.9393 -0.864967 0.501477 0.0187924 -1.83603 0.0178308 -0.00671204 0.999818 89.6034
0.559809 0.828611 -0.00417617 55.3046 -0.828343 0.559744 0.023122 -1.84037 0.0214967 -0.00948461 0.999724 89.8785
0.61514 0.788403 -0.00483493 55.664 -0.788062 0.615035 0.026248 -1.84495 0.0236676 -0.012336 0.999644 90.2126
0.668166 0.743983 -0.00660815 55.9902 -0.743595 0.668063 0.0275469 -1.85766 0.024909 -0.0134921 0.999599 90.5452
0.717585 0.696421 -0.00840063 56.2862 -0.696044 0.717515 0.0263715 -1.86693 0.0243932 -0.0130765 0.999617 90.8657
0.763207 0.646134 -0.00503479 56.5827 -0.645886 0.763093 0.0228104 -1.89303 0.0185806 -0.0141572 0.999727 91.2659
0.804995 0.59328 -0.00163167 56.8445 -0.593162 0.804883 0.0179592 -1.89695 0.0119681 -0.0134892 0.999837 91.659
0.842207 0.539143 0.00350466 57.0621 -0.539128 0.842086 0.0152449 -1.91171 0.00526794 -0.0147288 0.999878 92.0428
0.87392 0.485997 0.00841245 57.2748 -0.486068 0.873829 0.0127047 -1.91033 -0.0011766 -0.0151919 0.999884 92.4815
0.900167 0.435333 0.0136197 57.454 -0.43549 0.900111 0.0121797 -1.9236 -0.00695706 -0.016895 0.999833 92.9251
0.921156 0.388799 0.0175088 57.613 -0.389046 0.921113 0.013943 -1.93706 -0.0107065 -0.0196554 0.999749 93.3449
0.937077 0.348509 0.0206958 57.7517 -0.348895 0.93696 0.0194369 -1.92717 -0.0126172 -0.0254345 0.999597 93.817
0.949396 0.313382 0.0209369 57.8718 -0.313842 0.949163 0.0243425 -1.92656 -0.012244 -0.0296816 0.999484 94.2744
0.959157 0.282204 0.0194673 57.9911 -0.282653 0.958856 0.026484 -1.90554 -0.0111925 -0.0309049 0.99946 94.745
0.965491 0.259766 0.0186715 58.1266 -0.260142 0.965325 0.0217819 -1.92209 -0.0123659 -0.0258875 0.999588 95.2217
0.969625 0.243946 0.0178343 58.2514 -0.24426 0.969537 0.0183045 -1.92464 -0.0128257 -0.0221047 0.999673 95.6974
0.972757 0.231141 0.0178178 58.3543 -0.231502 0.972589 0.0218507 -1.9186 -0.0122788 -0.0253803 0.999602 96.2082
0.974949 0.221631 0.0188348 58.4437 -0.222092 0.974638 0.0275114 -1.90723 -0.0122598 -0.0310053 0.999444 96.7101
0.97641 0.215106 0.0187676 58.5509 -0.21564 0.975889 0.0337755 -1.90127 -0.0110498 -0.0370258 0.999253 97.2316
0.977069 0.21228 0.0165344 58.6461 -0.212792 0.976245 0.040815 -1.89433 -0.00747743 -0.0433975 0.99903 97.7418
0.977263 0.211537 0.0144721 58.751 -0.211965 0.97639 0.0416308 -1.90038 -0.00532397 -0.0437518 0.999028 98.2694
0.976803 0.21387 0.0107747 58.8744 -0.214132 0.975994 0.0397911 -1.89714 -0.00200595 -0.0411753 0.99915 98.8103
0.975924 0.218066 0.00454266 59.006 -0.218071 0.975112 0.0400314 -1.90171 0.00429988 -0.0400582 0.999188 99.37
0.97499 0.222249 0.000432392 59.1328 -0.222073 0.97414 0.0416569 -1.90513 0.008837 -0.0407111 0.999132 99.9305
0.973984 0.22661 0.00154116 59.26 -0.226454 0.973011 0.0443679 -1.90769 0.00855466 -0.0435627 0.999014 100.513
0.972719 0.231917 0.00574873 59.3866 -0.231929 0.971614 0.0466401 -1.90712 0.00523107 -0.046701 0.998895 101.107
0.971601 0.236412 0.0100546 59.534 -0.236624 0.970559 0.0449872 -1.91552 0.000876901 -0.0460888 0.998937 101.716
0.970561 0.240387 0.0150334 59.689 -0.240811 0.969702 0.0410792 -1.91797 -0.004703 -0.04349 0.999043 102.326
0.969674 0.24364 0.0192799 59.8434 -0.244218 0.968984 0.0377837 -1.92227 -0.00947628 -0.0413463 0.9991 102.951
0.96894 0.246559 0.0190946 60.0126 -0.247083 0.968422 0.0332939 -1.91956 -0.0102827 -0.0369777 0.999263 103.589
0.968768 0.247477 0.0155801 60.1773 -0.247855 0.968304 0.0309078 -1.91318 -0.00743729 -0.0338041 0.999401 104.225
0.968927 0.247206 0.00832936 60.3419 -0.247345 0.968461 0.0300561 -1.92054 -0.000636599 -0.0311824 0.999514 104.889
0.969153 0.24645 0.00231706 60.5075 -0.246385 0.96858 0.0338577 -1.9155 0.00609997 -0.0333842 0.999424 105.551
0.969716 0.244234 -0.000812564 60.6589 -0.244035 0.969051 0.0372357 -1.9237 0.00988163 -0.0359098 0.999306 106.22
0.970354 0.241674 0.00277079 60.8328 -0.241612 0.96969 0.0363978 -1.92114 0.0061096 -0.0359882 0.999334 106.912
0.970693 0.240156 0.00893463 61.0125 -0.240318 0.970216 0.0304802 -1.93302 -0.00134853 -0.0317341 0.999495 107.623
0.971326 0.237336 0.0140667 61.1818 -0.237647 0.970954 0.0277871 -1.93415 -0.00706328 -0.0303333 0.999515 108.349
0.971747 0.235588 0.0143824 61.3495 -0.235931 0.971282 0.0307994 -1.93886 -0.00671339 -0.0333225 0.999422 109.073
0.97224 0.233694 0.011652 61.5107 -0.233971 0.971503 0.037942 -1.9355 -0.00245313 -0.039615 0.999212 109.805
0.97314 0.230122 0.00658622 61.6831 -0.230199 0.972319 0.0400604 -1.94332 0.00281486 -0.0405005 0.999176 110.552
0.974073 0.226206 0.00353559 61.859 -0.226161 0.973249 0.0404592 -1.94036 0.00571109 -0.0402099 0.999175 111.312
0.974924 0.222503 0.00395168 62.035 -0.222491 0.974202 0.0378018 -1.94445 0.00456127 -0.0377331 0.999277 112.081
0.97571 0.219006 0.00519503 62.2165 -0.219055 0.975118 0.0340722 -1.96037 0.00239626 -0.0343826 0.999406 112.885
0.976207 0.216725 0.00702698 62.3952 -0.216839 0.975692 0.0317157 -1.96185 1.74226e-05 -0.0324849 0.999472 113.672
0.976431 0.215643 0.00900883 62.5691 -0.215817 0.975989 0.0294819 -1.96348 -0.00243496 -0.0307313 0.999525 114.464
0.976538 0.21513 0.00964759 62.7541 -0.215309 0.976221 0.0251897 -1.97384 -0.00399914 -0.0266759 0.999636 115.274
0.97663 0.214643 0.0110369 62.9205 -0.214859 0.976325 0.0250061 -1.96892 -0.00540825 -0.0267931 0.999626 116.083
0.976599 0.2148 0.010727 63.0936 -0.215031 0.976141 0.0301785 -1.97153 -0.00398875 -0.031779 0.999487 116.906
0.976411 0.215742 0.00880278 63.2534 -0.21592 0.975752 0.0358633 -1.97177 -0.000852123 -0.036918 0.999318 117.72
0.976203 0.21665 0.00947697 63.4157 -0.216857 0.975132 0.0457318 -1.98027 0.000666515 -0.0466986 0.998909 118.555
0.975611 0.219204 0.0115082 63.5888 -0.219506 0.974238 0.051751 -1.98697 0.000132361 -0.053015 0.998594 119.398
0.974953 0.22199 0.0136707 63.7671 -0.222405 0.97354 0.0524954 -1.98553 -0.00165547 -0.054221 0.998528 120.236
0.974301 0.22485 0.0133892 63.9463 -0.225247 0.972764 0.0547225 -1.98815 -0.000720225 -0.0563321 0.998412 121.065
0.973892 0.22673 0.0113205 64.1316 -0.227008 0.972373 0.054388 -1.99787 0.00132363 -0.0555379 0.998456 121.907
0.973489 0.228483 0.0106729 64.335 -0.228731 0.972285 0.0484183 -2.00425 0.000685617 -0.0495759 0.99877 122.751
0.973488 0.228558 0.00907177 64.5432 -0.228736 0.972555 0.0426306 -2.01777 0.000920767 -0.0435754 0.99905 123.588
0.973206 0.229783 0.00840019 64.7453 -0.229934 0.972385 0.0399612 -2.03672 0.00101417 -0.0408219 0.999166 124.433
0.972798 0.231374 0.0114241 64.9408 -0.231651 0.971889 0.042066 -2.03887 -0.00137002 -0.0435681 0.99905 125.27
0.972497 0.232265 0.0174051 65.1277 -0.232821 0.971517 0.0441522 -2.03385 -0.00665433 -0.0469902 0.998873 126.12
0.972258 0.232925 0.0214583 65.3173 -0.233702 0.971172 0.0469824 -2.02834 -0.00989628 -0.0506939 0.998665 126.964
0.971975 0.234514 0.0163676 65.5061 -0.235031 0.970878 0.0464271 -2.04211 -0.00500316 -0.0489729 0.998788 127.781
0.97198 0.235057 0.00180129 65.7056 -0.234911 0.971047 0.0434192 -2.05598 0.00845682 -0.0426257 0.999055 128.593
0.972044 0.234669 -0.00781683 65.9085 -0.234163 0.971322 0.0412359 -2.08368 0.0172695 -0.0382527 0.999119 129.411
0.972272 0.233854 -0.000547682 66.1077 -0.23366 0.971555 0.0385138 -2.08044 0.0095387 -0.0373179 0.999258 130.247
0.972472 0.232387 0.0171556 66.3057 -0.232831 0.97201 0.031414 -2.07728 -0.00937522 -0.0345436 0.999359 131.089
0.97246 0.230983 0.0311085 66.5144 -0.231734 0.972503 0.0231596 -2.07837 -0.0249037 -0.0297308 0.999248 131.931
0.972787 0.229922 0.0286523 66.6975 -0.230717 0.972605 0.0284498 -2.08292 -0.0213262 -0.0342862 0.999184 132.737
0.973303 0.228948 0.0162753 66.8682 -0.229428 0.972511 0.0398076 -2.09729 -0.00671408 -0.0424788 0.999075 133.536
0.973606 0.228124 0.00709086 67.0517 -0.228222 0.972756 0.0407399 -2.08047 0.00239608 -0.0412829 0.999145 134.34
0.974095 0.22608 0.00512592 67.2398 -0.226115 0.973422 0.0363672 -2.09459 0.00323221 -0.0365842 0.999325 135.151
0.974706 0.223415 0.00589621 67.4274 -0.223485 0.97411 0.0341261 -2.11206 0.00188072 -0.0345806 0.9994 135.962
0.975551 0.219696 0.00582407 67.6006 -0.219763 0.974908 0.0354717 -2.12198 0.00211507 -0.0358844 0.999354 136.767
0.976589 0.215065 0.00447408 67.7753 -0.215081 0.975884 0.0372923 -2.12752 0.00365408 -0.0373815 0.999294 137.577
0.977278 0.211916 0.00437274 67.9463 -0.211919 0.97646 0.0401948 -2.14461 0.00424812 -0.0402082 0.999182 138.382
0.977768 0.209621 0.00539652 68.1006 -0.209642 0.976671 0.0465256 -2.14953 0.0044821 -0.0466225 0.998903 139.188
0.978107 0.207967 0.00753734 68.2597 -0.208089 0.976965 0.0473193 -2.16011 0.00247714 -0.0478518 0.998851 139.99
0.978341 0.206694 0.0112642 68.4279 -0.206995 0.977264 0.0459214 -2.16495 -0.00151638 -0.0472584 0.998882 140.787
0.978675 0.20509 0.0115663 68.5983 -0.205405 0.977653 0.0447678 -2.17507 -0.00212634 -0.0461889 0.99893 141.588
0.979215 0.202639 0.00871423 68.7591 -0.202826 0.978266 0.0431064 -2.18453 0.000210202 -0.0439779 0.999032 142.381
0.980117 0.198382 0.0039155 68.9258 -0.198386 0.979382 0.0381398 -2.19845 0.0037315 -0.0381583 0.999265 143.168
0.981454 0.191684 0.00225521 69.0822 -0.191635 0.980768 0.0370299 -2.21132 0.0048862 -0.0367754 0.999312 143.966
0.982697 0.185106 0.0065465 69.2352 -0.185222 0.982036 0.0360349 -2.20986 0.000241385 -0.036624 0.999329 144.752
0.983746 0.179002 0.0142241 69.3721 -0.179378 0.983251 0.0322619 -2.22395 -0.00821089 -0.034289 0.999378 145.537
0.984324 0.174778 0.023627 69.5189 -0.175461 0.984004 0.0308299 -2.23129 -0.0178606 -0.0344923 0.999245 146.364
0.984977 0.170578 0.0268964 69.6396 -0.171438 0.984615 0.0338025 -2.22362 -0.0207166 -0.0379058 0.999067 147.145
0.985855 0.166064 0.0226334 69.7616 -0.166816 0.9853 0.0368301 -2.21357 -0.0161846 -0.0400848 0.999065 147.948
0.987132 0.159344 0.0134035 69.8803 -0.159748 0.986414 0.038305 -2.21819 -0.00711772 -0.0399533 0.999176 148.743
0.98824 0.152764 0.00667797 70.01 -0.152907 0.987546 0.0370393 -2.2131 -0.000936513 -0.0376248 0.999291 149.52
0.989225 0.146241 0.00695913 70.1323 -0.146397 0.98859 0.0354684 -2.22016 -0.0016928 -0.036105 0.999347 150.35
0.990297 0.138572 0.0105114 70.232 -0.138877 0.989565 0.0383889 -2.21721 -0.00508213 -0.0394762 0.999208 151.159
0.991383 0.130637 0.00968747 70.3149 -0.130936 0.990443 0.0433296 -2.22234 -0.00393446 -0.0442246 0.999014 151.965
0.992674 0.120742 0.00442526 70.4018 -0.120816 0.991541 0.0474244 -2.2227 0.0013383 -0.0476116 0.998865 152.781
0.993696 0.112103 0.00143306 70.497 -0.112047 0.992603 0.0467361 -2.23216 0.00381681 -0.0466021 0.998906 153.604
0.99455 0.104184 0.00395668 70.5777 -0.104255 0.993446 0.0468634 -2.23975 0.000951672 -0.0470205 0.998893 154.43
0.99532 0.0960655 0.0104643 70.6402 -0.0964677 0.994113 0.049333 -2.23509 -0.00566345 -0.0501116 0.998728 155.254
0.995997 0.0878888 0.0163022 70.7072 -0.0886106 0.994777 0.0506731 -2.24377 -0.0117634 -0.0519148 0.998582 156.098
0.996615 0.0799269 0.0192515 70.768 -0.0808103 0.995445 0.0505903 -2.24249 -0.0151203 -0.0519748 0.998534 156.934
0.997072 0.0735759 0.0208282 70.8235 -0.0745546 0.995915 0.0509417 -2.23809 -0.016995 -0.0523454 0.998484 157.761
0.997405 0.0694315 0.0190627 70.8783 -0.0703241 0.996219 0.0510181 -2.23604 -0.0154483 -0.0522262 0.998516 158.585
0.997799 0.0647446 0.0143391 70.9179 -0.0654431 0.996325 0.0552656 -2.23771 -0.0107082 -0.0560824 0.998369 159.421
0.998099 0.0611033 0.00804238 70.9547 -0.0614794 0.996267 0.0605947 -2.2309 -0.00430982 -0.060974 0.99813 160.236
0.998282 0.0583608 0.00516819 70.9882 -0.0585708 0.996289 0.063061 -2.23127 -0.00146872 -0.0632554 0.997996 161.05
0.998434 0.0548422 0.0110575 71.029 -0.0554393 0.996412 0.0639481 -2.23153 -0.00751077 -0.064461 0.997892 161.884
0.998427 0.0521094 0.0206771 71.0619 -0.0533628 0.996419 0.065579 -2.21977 -0.0171858 -0.0665792 0.997633 162.715
0.998419 0.0485208 0.0283672 71.0918 -0.0503345 0.996471 0.0671675 -2.21902 -0.0250081 -0.0684892 0.997338 163.558
0.998723 0.0436177 0.0255093 71.1293 -0.0451547 0.996982 0.0631519 -2.21053 -0.0226778 -0.0642231 0.997678 164.366
0.9991 0.0392022 0.0162252 71.1733 -0.0400499 0.997643 0.0557175 -2.2232 -0.0140027 -0.0563171 0.998315 165.179
0.999415 0.0326234 0.0102211 71.1951 -0.0331255 0.998015 0.0535687 -2.20476 -0.00845324 -0.053876 0.998512 165.988
0.999619 0.0253266 0.0109798 71.2084 -0.0258961 0.998136 0.055269 -2.19626 -0.00955956 -0.0555322 0.998411 166.814
0.999714 0.017616 0.0161942 71.2152 -0.018426 0.998513 0.0513137 -2.1905 -0.0152662 -0.0515974 0.998551 167.636
0.999743 0.0103621 0.0201799 71.2315 -0.0112677 0.99891 0.0452902 -2.19858 -0.0196887 -0.0455059 0.99877 168.469
0.999717 0.00390652 0.0234747 71.244 -0.00482246 0.999224 0.0390892 -2.17542 -0.0233038 -0.0391913 0.99896 169.321
0.999715 -0.00165034 0.0238152 71.2492 0.000861416 0.999452 0.0330991 -2.1735 -0.0238568 -0.0330691 0.999168 170.154
0.999809 -0.00807573 0.0178202 71.252 0.00755204 0.999543 0.0292611 -2.17497 -0.0180483 -0.0291209 0.999413 170.994
0.999859 -0.0151314 0.00731429 71.2412 0.014957 0.999616 0.0233343 -2.15831 -0.00766456 -0.0232216 0.999701 171.813
0.999759 -0.0217001 0.00335533 71.2429 0.0216241 0.999541 0.0212378 -2.15448 -0.00381465 -0.0211601 0.999769 172.654
0.999542 -0.0284856 0.0101784 71.2135 0.0282909 0.999423 0.0187914 -2.15582 -0.0107078 -0.0184948 0.999772 173.503
0.999185 -0.0335772 0.0224063 71.1685 0.033059 0.999186 0.0231118 -2.14157 -0.0231641 -0.0223522 0.999482 174.353
0.998807 -0.0385204 0.0300291 71.1181 0.0376478 0.998867 0.0291028 -2.13807 -0.0311162 -0.0279375 0.999125 175.21
0.99872 -0.0419727 0.0282338 71.0809 0.0411384 0.998718 0.0295113 -2.12727 -0.0294363 -0.028312 0.999166 176.053
0.998892 -0.0435741 0.0177727 71.048 0.0430149 0.998602 0.0307176 -2.12691 -0.0190863 -0.029919 0.99937 176.894
0.998893 -0.0464961 0.00711837 70.9796 0.0461654 0.998086 0.0411384 -2.10353 -0.00901752 -0.0407642 0.999128 177.732
0.998834 -0.0481554 0.00355112 70.9359 0.0479672 0.997988 0.0414671 -2.09953 -0.00554084 -0.0412484 0.999134 178.577
0.99869 -0.05043 0.00871743 70.8888 0.0500946 0.998125 0.0351664 -2.1024 -0.0104745 -0.0346836 0.999343 179.437
0.998553 -0.0509663 0.017175 70.8474 0.0503998 0.998218 0.0319471 -2.08816 -0.0187726 -0.0310353 0.999342 180.285
0.998418 -0.0513442 0.0228972 70.7999 0.0505714 0.99817 0.03314 -2.07841 -0.0245568 -0.0319297 0.999188 181.144
0.99835 -0.0529623 0.0222008 70.7421 0.0521889 0.998056 0.0340802 -2.07238 -0.0239626 -0.0328653 0.999172 182.001
0.998414 -0.0545566 0.0138911 70.7012 0.0541023 0.998047 0.0312164 -2.06682 -0.015567 -0.0304154 0.999416 182.835
0.998399 -0.0564733 0.00314295 70.6633 0.0563744 0.998079 0.0256884 -2.06485 -0.00458762 -0.0254701 0.999665 183.674
0.99829 -0.0584537 -0.000592482 70.6267 0.0584552 0.998142 0.0171889 -2.06752 -0.000413372 -0.0171941 0.999852 184.522
0.998228 -0.0594312 0.00298623 70.5682 0.0593611 0.998042 0.0197247 -2.06617 -0.00415264 -0.0195124 0.999801 185.385
0.998071 -0.0607273 0.0129152 70.5081 0.0604433 0.997943 0.0213515 -2.05827 -0.0141852 -0.0205296 0.999689 186.244
0.997923 -0.0620862 0.017179 70.4467 0.0617117 0.997862 0.0215318 -2.06216 -0.0184791 -0.0204269 0.999621 187.099
0.997925 -0.0628859 0.0138297 70.3921 0.0625501 0.997765 0.0235037 -2.05955 -0.0152768 -0.0225899 0.999628 187.946
0.998007 -0.0625702 0.0081324 70.334 0.0623412 0.997719 0.0258851 -2.06214 -0.00973349 -0.0253265 0.999632 188.791
0.997991 -0.0629778 0.0068584 70.2687 0.0627357 0.997545 0.0311317 -2.05197 -0.00880217 -0.0306389 0.999492 189.63
0.997945 -0.0633915 0.00933316 70.2026 0.0630421 0.997435 0.033888 -2.05335 -0.0114574 -0.03323 0.999382 190.464
0.997857 -0.0643178 0.0120084 70.1377 0.0637954 0.997171 0.0397393 -2.04729 -0.0145303 -0.0388881 0.999138 191.304
0.997807 -0.0645969 0.0144414 70.0786 0.0639236 0.997027 0.0430318 -2.04675 -0.0171782 -0.0420143 0.998969 192.153
0.99776 -0.065313 0.0144374 70.0132 0.0646232 0.996941 0.0439633 -2.04472 -0.0172646 -0.0429318 0.998929 192.972
0.997777 -0.0656998 0.0111632 69.9587 0.0651593 0.996933 0.0433432 -2.04877 -0.0139766 -0.0425195 0.998998 193.8
0.997765 -0.066515 0.00636148 69.8946 0.0661566 0.996762 0.0457128 -2.05009 -0.00938146 -0.0451897 0.998934 194.602
0.997663 -0.0680309 0.00631369 69.8331 0.0676564 0.996578 0.0474817 -2.05168 -0.00952231 -0.0469436 0.998852 195.419
0.9974 -0.0705688 0.0146217 69.7819 0.0697745 0.996352 0.0491245 -2.03484 -0.0180351 -0.0479766 0.998686 196.252
