1 1.34538e-15 -2.45232e-30 9.9876e-18 -1.34538e-15 1 -1.82278e-15 1.02491e-17 0 1.82278e-15 1 9.55936e-18
0.999992 -0.00400126 -0.000889841 -0.00311065 0.00400262 0.999991 0.00153653 -0.00733568 0.000883685 -0.00154008 0.999998 0.693109
0.999966 -0.00803164 -0.0020304 -0.026629 0.00803507 0.999966 0.00168782 0.00400897 0.00201678 -0.00170407 0.999997 1.42031
0.999918 -0.0124354 -0.00306389 -0.0496548 0.012442 0.99992 0.00213554 0.0109145 0.00303709 -0.00217349 0.999993 2.15343
0.99985 -0.0170554 -0.00307897 -0.0689227 0.0170635 0.999851 0.00262115 0.0143091 0.0030338 -0.00267329 0.999992 2.89706
0.999758 -0.0217337 -0.00337333 -0.0930921 0.0217447 0.999758 0.00326646 0.0112628 0.00330152 -0.00333902 0.999989 3.66389
0.99964 -0.0265056 -0.00419061 -0.125566 0.0265331 0.999626 0.00662767 -0.000553499 0.00401337 -0.00673647 0.999969 4.44327
0.999534 -0.0303423 -0.00322196 -0.169024 0.0303678 0.999505 0.00818798 0.00278661 0.00297192 -0.00828201 0.999961 5.24749
0.999407 -0.0344001 -0.00124181 -0.203744 0.0344099 0.999367 0.00903372 0.000459281 0.000930267 -0.0090711 0.999958 6.05055
0.999274 -0.0380921 0.000876933 -0.23851 0.0380825 0.999233 0.00912799 -0.00134096 -0.00122396 -0.00908797 0.999958 6.85525
0.999185 -0.0403309 0.00168457 -0.280644 0.0403161 0.999155 0.00804186 -0.00693383 -0.00200748 -0.00796739 0.999966 7.66574
0.999105 -0.0422855 0.00105661 -0.321603 0.0422761 0.999076 0.00772097 -0.0123156 -0.00138212 -0.00766939 0.99997 8.49058
0.999035 -0.0439246 0.000586658 -0.360454 0.0439201 0.999015 0.00625427 -0.0159941 -0.000860797 -0.00622246 0.99998 9.32346
0.998943 -0.0459433 0.0011606 -0.408312 0.0459362 0.998929 0.00554064 -0.0100816 -0.00141391 -0.00548147 0.999984 10.1775
0.99886 -0.0477104 0.00144038 -0.451168 0.0477044 0.998854 0.00392979 -0.0139037 -0.00162622 -0.00385659 0.999991 11.0327
0.998764 -0.0497068 -5.95528e-05 -0.495671 0.0497065 0.998752 0.00490206 -0.0147795 -0.000184187 -0.00489896 0.999988 11.8973
0.998684 -0.051221 -0.00274279 -0.554519 0.0512383 0.998664 0.00668433 -0.0242195 0.00239674 -0.00681607 0.999974 12.7696
0.998587 -0.0529652 -0.00432166 -0.599572 0.0530062 0.998544 0.010018 -0.0236365 0.00378476 -0.0102329 0.99994 13.6392
0.998507 -0.0544507 -0.00443458 -0.653926 0.0544971 0.998452 0.011125 -0.0225813 0.00382195 -0.0113501 0.999928 14.5221
0.998415 -0.0562044 -0.00305626 -0.706113 0.0562337 0.998362 0.0105382 -0.0254481 0.00245896 -0.0106933 0.99994 15.4364
0.998342 -0.0575417 -0.00141922 -0.766878 0.0575531 0.998291 0.0101036 -0.0315853 0.000835418 -0.0101685 0.999948 16.3451
0.998263 -0.058911 -0.000835109 -0.830656 0.0589164 0.998211 0.0102052 -0.0456682 0.000232419 -0.0102366 0.999948 17.2563
0.998174 -0.0603913 -0.00139625 -0.892497 0.0604018 0.998129 0.00948961 -0.0492984 0.000820551 -0.00955662 0.999954 18.1588
0.998092 -0.0617167 -0.0018883 -0.957733 0.0617315 0.998051 0.00910741 -0.0549053 0.00132254 -0.0092066 0.999957 19.073
0.998043 -0.0625229 -0.000278725 -1.01597 0.0625229 0.998004 0.00890111 -0.0595715 -0.000278354 -0.00890112 0.99996 19.9947
0.998045 -0.0624423 0.00281257 -1.07832 0.0624153 0.998011 0.00883187 -0.0540986 -0.00335846 -0.00863906 0.999957 20.931
0.998065 -0.061845 0.00637082 -1.1439 0.0617876 0.99805 0.00884307 -0.0518114 -0.0069053 -0.00843233 0.999941 21.8702
0.998149 -0.0600903 0.00941925 -1.20163 0.0599989 0.998151 0.00969881 -0.0550178 -0.00998464 -0.00911571 0.999909 22.8133
0.998242 -0.058315 0.0105953 -1.25671 0.0582382 0.998275 0.00741602 -0.0461573 -0.0110095 -0.00678593 0.999916 23.7628
0.998359 -0.0566941 0.00801116 -1.31966 0.0566393 0.998371 0.00690576 -0.0435812 -0.00838962 -0.00644069 0.999944 24.703
0.998451 -0.0555332 0.00338495 -1.38776 0.0555007 0.998418 0.00904709 -0.0408156 -0.00388201 -0.00884521 0.999953 25.6664
0.998508 -0.0546021 0.000318858 -1.43835 0.0545955 0.998451 0.0107214 -0.0472083 -0.000903776 -0.010688 0.999942 26.6225
0.998545 -0.0539198 0.00108649 -1.49443 0.053905 0.998488 0.0107631 -0.0608326 -0.00166519 -0.0106888 0.999941 27.5996
0.998525 -0.054023 0.00546802 -1.54304 0.0539806 0.998513 0.00762462 -0.0563096 -0.00587179 -0.00731821 0.999956 28.581
0.998447 -0.0548707 0.00963069 -1.59544 0.0548564 0.998493 0.00174429 -0.0455676 -0.00971188 -0.00121327 0.999952 29.5541
0.998378 -0.0559829 0.0103171 -1.64181 0.0560368 0.998416 -0.00500987 -0.040473 -0.0100203 0.00557988 0.999934 30.5267
0.998334 -0.0572701 0.00696037 -1.69357 0.0573114 0.998339 -0.00587951 -0.0412514 -0.00661208 0.00626862 0.999958 31.5219
0.998259 -0.0588917 0.00317683 -1.75776 0.0589034 0.998257 -0.00373777 -0.0470177 -0.00295116 0.00391838 0.999988 32.5007
0.998153 -0.0607272 0.00151362 -1.83148 0.0607279 0.998154 -0.000413782 -0.0411852 -0.0014857 0.000504937 0.999999 33.4868
0.998086 -0.0617582 0.00321811 -1.8901 0.0617655 0.998088 -0.00222041 -0.0407727 -0.00307483 0.00241493 0.999992 34.5084
0.998003 -0.0628882 0.00599394 -1.95807 0.0628995 0.998018 -0.00170858 -0.0368129 -0.00587462 0.00208219 0.999981 35.4965
0.997934 -0.0638308 0.00724783 -2.03716 0.0638148 0.997959 0.00241262 -0.046083 -0.00738704 -0.00194512 0.999971 36.5123
0.997808 -0.0655024 0.0094131 -2.1104 0.0654804 0.99785 0.00262365 -0.0399095 -0.00956472 -0.00200153 0.999952 37.502
0.997735 -0.0660954 0.0124697 -2.17751 0.066064 0.997811 0.00292057 -0.0414871 -0.0126355 -0.00209015 0.999918 38.4983
0.997668 -0.0665752 0.0150556 -2.25744 0.0665317 0.997779 0.0033744 -0.0303675 -0.0152468 -0.00236486 0.999881 39.5178
0.997681 -0.0664782 0.0145901 -2.33949 0.0663914 0.997773 0.00635853 -0.0252591 -0.0149803 -0.00537513 0.999873 40.5044
0.997678 -0.0668201 0.0132162 -2.4061 0.0667535 0.997755 0.00541223 -0.0175825 -0.0135482 -0.00451743 0.999898 41.4899
0.99772 -0.06661 0.0108259 -2.4842 0.0665141 0.997745 0.00898871 -0.0123415 -0.0114003 -0.00824814 0.999901 42.5066
0.997652 -0.0676472 0.0106835 -2.55514 0.067539 0.997665 0.0101808 -0.00620112 -0.0113473 -0.00943533 0.999891 43.479
0.997551 -0.0688091 0.0125814 -2.63093 0.0687466 0.99762 0.00533727 0.00638725 -0.0129187 -0.00445927 0.999907 44.4683
0.99749 -0.0695566 0.0132653 -2.69424 0.0695076 0.997573 0.00412225 0.0127028 -0.0135198 -0.00318987 0.999904 45.459
0.997518 -0.0695518 0.0110016 -2.76657 0.0695041 0.997571 0.00466417 0.0067362 -0.0112993 -0.00388793 0.999929 46.425
0.997539 -0.0698753 0.00577324 -2.84447 0.069823 0.99752 0.00881504 0.00762038 -0.00637487 -0.00839024 0.999944 47.4188
0.997557 -0.0697448 0.00394525 -2.93489 0.0696996 0.997511 0.0106287 0.00649878 -0.00467673 -0.0103277 0.999936 48.3867
0.99755 -0.0696097 0.00698361 -3.00503 0.0695352 0.997525 0.0103954 0.0173695 -0.00768995 -0.00988436 0.999922 49.3642
0.997515 -0.0695254 0.0114132 -3.06802 0.0694441 0.997559 0.0073713 0.010112 -0.0118978 -0.0065604 0.999908 50.3559
0.997475 -0.0699778 0.0121046 -3.13695 0.0699049 0.997533 0.00634652 0.0152006 -0.0125189 -0.00548432 0.999907 51.31
0.997476 -0.0700878 0.0113409 -3.20152 0.070055 0.997538 0.00326899 0.0147123 -0.0115421 -0.00246625 0.99993 52.2776
0.997475 -0.0702196 0.0105751 -3.2662 0.0702216 0.997531 0.000191422 0.0132857 -0.0105625 0.000551663 0.999944 53.2451
0.99738 -0.0714402 0.0113856 -3.33741 0.0714623 0.997442 -0.00153869 0.0177207 -0.0112465 0.0023483 0.999934 54.1909
0.997263 -0.0722887 0.0154931 -3.4044 0.0723548 0.997372 -0.00374365 0.0247596 -0.0151817 0.00485441 0.999873 55.1463
0.997101 -0.0731452 0.0209698 -3.46237 0.0733152 0.997281 -0.00745115 0.0317956 -0.0203678 0.00896696 0.999752 56.0995
0.996981 -0.0737972 0.0241246 -3.53874 0.074007 0.997226 -0.00792226 0.0511547 -0.023473 0.00968374 0.999678 57.0494
0.996951 -0.075026 0.0214349 -3.6268 0.0752002 0.997141 -0.00744046 0.0636103 -0.0208154 0.00902969 0.999743 57.9958
0.996981 -0.0764638 0.0135195 -3.70506 0.0765337 0.997056 -0.00473148 0.0640318 -0.0131179 0.00575189 0.999897 58.9074
0.996966 -0.0775121 0.00709221 -3.77285 0.0775275 0.996988 -0.00191699 0.0613484 -0.00692226 0.00246102 0.999973 59.8221
0.996896 -0.0784949 0.00608962 -3.85641 0.0784815 0.996913 0.00239833 0.0695578 -0.00625908 -0.00191296 0.999979 60.7443
0.996801 -0.0794819 0.00844525 -3.93865 0.0794396 0.996826 0.00522995 0.06723 -0.00883413 -0.00454233 0.999951 61.6414
0.996672 -0.0808059 0.0107831 -4.01809 0.0807379 0.996713 0.00660541 0.0692234 -0.0112814 -0.00571282 0.99992 62.5191
0.99659 -0.0818114 0.010709 -4.09499 0.0817235 0.99662 0.00839745 0.0624616 -0.0113598 -0.00749364 0.999907 63.4002
0.996492 -0.0829725 0.0108902 -4.1763 0.0828717 0.996516 0.00940176 0.0667804 -0.0116324 -0.00846629 0.999896 64.2567
0.996349 -0.0845789 0.0116265 -4.25779 0.0844626 0.996375 0.0101539 0.0681747 -0.0124431 -0.00913487 0.999881 65.0994
0.996205 -0.0862075 0.0120121 -4.32951 0.0860849 0.996234 0.0103813 0.0629839 -0.0128618 -0.00930789 0.999874 65.9282
0.996071 -0.0876236 0.0128552 -4.40082 0.0874708 0.996095 0.0120061 0.0598619 -0.0138571 -0.0108345 0.999845 66.7361
0.995928 -0.0889284 0.014795 -4.48372 0.0887354 0.995967 0.0132282 0.064761 -0.0159117 -0.0118615 0.999803 67.5477
0.995755 -0.0901264 0.0186751 -4.56472 0.0898911 0.995866 0.01308 0.0850649 -0.0197767 -0.0113457 0.99974 68.3299
0.995549 -0.0917661 0.021464 -4.64359 0.0914806 0.995709 0.0139277 0.0953545 -0.02265 -0.0119022 0.999673 69.0906
0.995494 -0.0928491 0.0192455 -4.71303 0.092514 0.995555 0.0176285 0.0894981 -0.0207968 -0.0157686 0.999659 69.8437
0.995483 -0.0941368 0.0122974 -4.77955 0.0938799 0.995382 0.020026 0.0922139 -0.0141258 -0.0187811 0.999724 70.5543
0.99542 -0.095414 0.00601011 -4.85669 0.095275 0.995245 0.0202485 0.0964689 -0.00791352 -0.0195831 0.999777 71.2669
0.995383 -0.0959172 0.00344023 -4.93172 0.0958297 0.995196 0.0200572 0.101195 -0.00534753 -0.0196349 0.999793 71.9581
0.995321 -0.0964464 0.00592044 -5.00806 0.0962942 0.995107 0.022115 0.10084 -0.00802438 -0.0214414 0.999738 72.6442
0.995174 -0.097654 0.00966242 -5.08345 0.0974299 0.995011 0.0214401 0.100236 -0.0117079 -0.0203952 0.999723 73.3133
0.995085 -0.0986618 0.0084294 -5.14079 0.0984772 0.994937 0.0200607 0.0983032 -0.0103659 -0.019132 0.999763 73.9292
0.995139 -0.0983931 0.00417474 -5.19058 0.0983203 0.995041 0.0150474 0.0914038 -0.00563459 -0.0145638 0.999878 74.5308
0.99524 -0.097456 -0.000321558 -5.25086 0.0974545 0.995193 0.00971134 0.0887445 -0.000626416 -0.00969645 0.999953 75.1387
0.995508 -0.0946611 -0.00180618 -5.31323 0.0946745 0.995459 0.00995025 0.0868461 0.000856075 -0.0100766 0.999949 75.7179
0.995916 -0.0902809 5.49084e-05 -5.37671 0.0902708 0.995814 0.0143369 0.0966851 -0.00134903 -0.0142734 0.999897 76.2729
0.996324 -0.0855938 0.00362458 -5.42805 0.0855254 0.996207 0.0160551 0.0894872 -0.00498505 -0.0156861 0.999865 76.8271
0.996723 -0.0804305 0.00863441 -5.46359 0.0803067 0.996674 0.0138347 0.082753 -0.00971843 -0.0130959 0.999867 77.3639
0.9973 -0.0722702 0.0130459 -5.49101 0.0721463 0.997347 0.00973354 0.0720815 -0.0137147 -0.00876604 0.999868 77.907
0.998017 -0.0614811 0.0134645 -5.5305 0.0613457 0.998064 0.0102453 0.078166 -0.0140683 -0.009399 0.999857 78.4194
0.998822 -0.0468611 0.0125673 -5.57373 0.0466699 0.998796 0.0150937 0.0809705 -0.0132594 -0.0144894 0.999807 78.9207
0.999507 -0.0286767 0.0127941 -5.59991 0.0284077 0.999381 0.0207336 0.0916571 -0.0133808 -0.0203599 0.999703 79.4236
0.99988 -0.00700452 0.0138177 -5.59287 0.00670819 0.999749 0.021377 0.101591 -0.013964 -0.0212818 0.999676 79.895
0.999701 0.0191548 0.0152281 -5.57208 -0.0194172 0.999662 0.0172729 0.0961401 -0.0148921 -0.0175634 0.999735 80.3673
0.998673 0.0486238 0.0169705 -5.53276 -0.0488798 0.998692 0.0150107 0.0924042 -0.0162184 -0.0158203 0.999743 80.8171
0.996478 0.0816682 0.0190202 -5.49304 -0.0819582 0.996523 0.0149986 0.0975019 -0.0177292 -0.0165047 0.999707 81.2526
0.992695 0.118969 0.0200663 -5.42461 -0.119282 0.992744 0.0151858 0.101791 -0.0181141 -0.0174684 0.999683 81.7086
0.986794 0.160615 0.0210075 -5.34731 -0.160949 0.986844 0.0152782 0.115444 -0.0182772 -0.0184576 0.999663 82.1319
0.978397 0.205612 0.0215108 -5.25105 -0.205958 0.97844 0.0153511 0.116634 -0.0178906 -0.0194498 0.999651 82.5497
0.966874 0.25438 0.02109 -5.11935 -0.254757 0.966844 0.0176727 0.114118 -0.0158951 -0.0224601 0.999621 82.9742
0.951458 0.307106 0.0203287 -4.9819 -0.307467 0.95139 0.0179137 0.106724 -0.0138391 -0.0232945 0.999633 83.3504
0.931901 0.362191 0.0194316 -4.79311 -0.362528 0.931798 0.0180708 0.113435 -0.0115613 -0.0238847 0.999648 83.7437
0.907745 0.419097 0.0188579 -4.62068 -0.419409 0.907626 0.0176344 0.115682 -0.00972536 -0.0239167 0.999667 84.0952
0.87894 0.476596 0.0178992 -4.41227 -0.476877 0.87879 0.0177985 0.123059 -0.00724693 -0.0241795 0.999681 84.4232
0.845916 0.533061 0.0164776 -4.14756 -0.533294 0.845756 0.0171363 0.111063 -0.00480128 -0.0232833 0.999717 84.76
0.809107 0.587448 0.0158163 -3.91301 -0.587653 0.808946 0.0164516 0.108691 -0.00313008 -0.0226056 0.99974 85.0438
0.769441 0.638507 0.016402 -3.61599 -0.638711 0.769295 0.015257 0.106297 -0.00287631 -0.0222155 0.999749 85.339
0.72672 0.686674 0.0188911 -3.36498 -0.686923 0.726588 0.0143741 0.113363 -0.00385572 -0.0234226 0.999718 85.5881
0.681528 0.731506 0.0204764 -3.08166 -0.73178 0.681413 0.0132122 0.117406 -0.00428812 -0.0239887 0.999703 85.8219
0.634712 0.772518 0.0188776 -2.73904 -0.772743 0.634613 0.0115804 0.110465 -0.00303396 -0.0219378 0.999755 86.0626
0.588078 0.808661 0.015197 -2.43173 -0.808802 0.58802 0.00849604 0.0905945 -0.00206572 -0.0172877 0.999848 86.2342
0.541145 0.840796 0.0149851 -2.08899 -0.840929 0.541062 0.00948693 0.0918302 -0.000131293 -0.0177352 0.999843 86.4313
0.494053 0.86925 0.0177717 -1.7783 -0.869431 0.493917 0.0116582 0.0987949 0.00135614 -0.0212111 0.999774 86.5908
0.448465 0.893592 0.0192943 -1.44302 -0.893794 0.448272 0.0136173 0.0951078 0.00351924 -0.023352 0.999721 86.742
0.405506 0.913986 0.0139421 -1.07758 -0.914075 0.405357 0.0123366 0.0934694 0.00562399 -0.0177467 0.999827 86.8886
0.36585 0.930666 0.00380472 -0.727737 -0.930666 0.365828 0.00552514 0.0807302 0.00375018 -0.0055623 0.999977 86.9677
0.330416 0.943832 -0.00250851 -0.368099 -0.943835 0.330416 -0.000279752 0.0723724 0.000564813 0.00246006 0.999997 87.0538
0.296692 0.954972 -0.00117552 0.00751123 -0.954972 0.296694 0.00119809 0.0734695 0.00149291 0.000767124 0.999999 87.1761
0.26583 0.963989 0.00765987 0.356976 -0.963997 0.265761 0.00897529 0.0802074 0.00661639 -0.00976999 0.99993 87.2777
0.237244 0.971352 0.0137862 0.733485 -0.971388 0.237043 0.0147012 0.0806871 0.0110121 -0.0168796 0.999797 87.367
0.211124 0.977368 0.0133955 1.135 -0.977363 0.210891 0.0169062 0.0709781 0.0136986 -0.0166616 0.999767 87.4467
0.187837 0.982176 0.00689871 1.53595 -0.982079 0.187699 0.0169979 0.0594591 0.0154 -0.00996792 0.999832 87.4999
0.167044 0.985949 -0.00131247 1.93381 -0.985724 0.167034 0.021179 0.049337 0.0211006 -0.00224409 0.999775 87.5482
0.147137 0.989103 -0.00516989 2.36906 -0.988671 0.147226 0.0292157 0.0609612 0.0296585 0.000812603 0.99956 87.6068
0.129478 0.991573 -0.00422685 2.79707 -0.991065 0.129547 0.0317313 0.0715525 0.0320115 8.05723e-05 0.999487 87.6662
0.113994 0.99348 -0.001485 3.25697 -0.993079 0.11399 0.0283051 0.0618952 0.0282899 -0.0017519 0.999598 87.7236
0.0991902 0.995068 -2.11926e-06 3.72439 -0.994787 0.0991622 0.023773 0.0397496 0.023656 -0.00235594 0.999717 87.7667
0.0861144 0.996285 -0.000774026 4.19582 -0.996073 0.0861121 0.0205672 0.0202981 0.0205575 -0.00100015 0.999788 87.8026
0.0741489 0.997236 -0.0047927 4.69074 -0.997061 0.074227 0.0189625 0.00336806 0.0192659 0.00337257 0.999809 87.8359
0.0637596 0.997932 -0.00816377 5.20181 -0.997769 0.0639071 0.01929 -0.0146037 0.0197719 0.00691563 0.999781 87.8585
0.0556351 0.998413 -0.00875194 5.73382 -0.998243 0.0558002 0.0199077 -0.0295662 0.0203645 0.007629 0.999764 87.8831
0.0496873 0.998722 -0.00921545 6.27895 -0.998561 0.0498615 0.0197489 -0.0370349 0.0201832 0.00822092 0.999762 87.9162
0.0441354 0.998981 -0.00946445 6.84107 -0.998802 0.0443238 0.0207156 -0.0477415 0.0211139 0.00853883 0.999741 87.9488
0.0384965 0.999205 -0.0103332 7.42009 -0.999022 0.0387104 0.0213627 -0.0561781 0.0217457 0.00950067 0.999718 87.9677
0.0339499 0.999346 -0.0124359 8.02737 -0.999189 0.0342089 0.0212375 -0.0713108 0.021649 0.0117048 0.999697 87.9827
0.030869 0.999426 -0.0139302 8.64627 -0.999291 0.0311594 0.0211288 -0.0910235 0.0215508 0.0132681 0.99968 87.9982
0.0280477 0.999507 -0.0141225 9.2726 -0.999387 0.0283349 0.0205668 -0.108051 0.0209568 0.013537 0.999689 88.0229
0.0257145 0.999542 -0.0159294 9.92506 -0.999455 0.026036 0.0203149 -0.113915 0.0207204 0.0153983 0.999667 88.0398
0.0249267 0.999519 -0.0184259 10.6093 -0.999477 0.0252973 0.0201603 -0.127322 0.0206167 0.0179137 0.999627 88.0478
0.0259227 0.999377 -0.0239642 11.3033 -0.999465 0.0263879 0.0193041 -0.141197 0.0199244 0.023451 0.999526 88.0579
0.0287401 0.99923 -0.0267285 12.0173 -0.999384 0.029263 0.0193822 -0.151917 0.0201495 0.0261549 0.999455 88.077
0.0323002 0.999088 -0.027939 12.7421 -0.999269 0.0328533 0.0195678 -0.166348 0.0204678 0.0272865 0.999418 88.1103
0.0363134 0.998933 -0.0285455 13.4843 -0.999124 0.0368855 0.0197774 -0.185097 0.0208092 0.0278023 0.999397 88.141
0.0406862 0.998725 -0.0298887 14.2436 -0.998967 0.0412657 0.0190334 -0.206876 0.0202425 0.0290834 0.999372 88.1725
0.0450428 0.998505 -0.0309678 15.0218 -0.998803 0.0456042 0.0176687 -0.225474 0.0190546 0.0301349 0.999364 88.205
0.049207 0.998308 -0.0309829 15.8132 -0.998637 0.0497166 0.015898 -0.239171 0.0174115 0.0301583 0.999393 88.2481
0.0533012 0.998113 -0.0304912 16.6086 -0.998452 0.0537563 0.0143031 -0.249938 0.0159152 0.0296816 0.999433 88.2973
0.0574004 0.99798 -0.0272306 17.4198 -0.998217 0.0578188 0.0148345 -0.263557 0.016379 0.0263306 0.999519 88.3448
0.0603368 0.997931 -0.0222028 18.2346 -0.997996 0.0607351 0.0177268 -0.285373 0.0190386 0.0210887 0.999596 88.4093
0.0621719 0.997909 -0.0176463 19.0378 -0.997777 0.0625694 0.0229428 -0.305604 0.023999 0.0161806 0.999581 88.4719
0.0622136 0.997959 -0.0144078 19.8519 -0.997698 0.0625747 0.0261378 -0.327231 0.026986 0.0127485 0.999555 88.5312
0.0624825 0.997994 -0.0101667 20.68 -0.997698 0.0627266 0.025778 -0.352121 0.026364 0.00853265 0.999616 88.6026
0.0630155 0.997974 -0.0088254 21.5059 -0.997701 0.0632142 0.0244158 -0.378105 0.0249242 0.00726654 0.999663 88.6704
0.0627116 0.997987 -0.00943317 22.3216 -0.997767 0.0629097 0.0224176 -0.409873 0.0229659 0.00800627 0.999704 88.7238
0.0630765 0.997972 -0.00850937 23.1422 -0.997772 0.0632449 0.0212378 -0.436831 0.0217329 0.0071508 0.999738 88.7755
0.0634917 0.997963 -0.00622126 23.9666 -0.997756 0.0636088 0.0208868 -0.460912 0.0212399 0.00488116 0.999762 88.8361
0.0637244 0.997957 -0.00464824 24.7919 -0.997742 0.0638084 0.020974 -0.485629 0.0212277 0.00330119 0.999769 88.8976
0.0626907 0.998032 -0.00167882 25.6166 -0.997789 0.0627125 0.0220134 -0.514928 0.0220753 0.000295072 0.999756 88.9599
0.0602095 0.998186 -0.000329749 26.4404 -0.997935 0.0602018 0.0224053 -0.538427 0.0223845 -0.00101994 0.999749 89.0121
0.05647 0.998404 0.000299839 27.2523 -0.998173 0.0564504 0.0215595 -0.553801 0.0215082 -0.00151675 0.999768 89.0677
0.0516321 0.998666 0.000333017 28.0672 -0.99848 0.0516161 0.0193201 -0.575841 0.0192771 -0.00133005 0.999813 89.1275
0.0453908 0.998961 0.00409976 28.889 -0.998822 0.0453132 0.0173669 -0.604256 0.0171631 -0.00488323 0.999841 89.1772
0.0378878 0.99927 0.00481226 29.7207 -0.999143 0.0378018 0.0168636 -0.619922 0.0166694 -0.00544706 0.999846 89.2177
0.0287831 0.999578 0.00393719 30.5356 -0.999433 0.0287096 0.0175865 -0.639437 0.0174661 -0.00444115 0.999838 89.2457
0.0188251 0.999817 0.00344742 31.3393 -0.999653 0.0187583 0.0184944 -0.661704 0.0184263 -0.00379438 0.999823 89.2695
0.0088911 0.999959 0.00183417 32.1444 -0.999787 0.0088554 0.0186343 -0.680008 0.0186173 -0.00199946 0.999825 89.2862
-0.00161524 0.999997 0.0016201 32.9505 -0.99983 -0.00164468 0.0183377 -0.7024 0.0183403 -0.00159021 0.999831 89.2937
-0.0132788 0.99991 0.00176895 33.7491 -0.999759 -0.0133076 0.0174471 -0.72557 0.017469 -0.00153684 0.999846 89.2855
-0.0238756 0.99971 0.00298537 34.5332 -0.999564 -0.0239238 0.0172978 -0.755558 0.0173643 -0.00257107 0.999846 89.2569
-0.0348993 0.999387 0.00275697 35.3121 -0.999243 -0.0349415 0.0171046 -0.781064 0.0171905 -0.00215795 0.99985 89.2319
-0.0461778 0.99893 0.00245149 36.0853 -0.998776 -0.0462139 0.0176223 -0.803939 0.0177167 -0.00163473 0.999842 89.2011
-0.0566465 0.998392 0.0020495 36.8655 -0.998222 -0.0566748 0.0184818 -0.819591 0.0185683 -0.000998923 0.999827 89.1644
-0.0665544 0.99778 0.00239173 37.6303 -0.997604 -0.0665877 0.0187579 -0.84156 0.0188755 -0.00113759 0.999821 89.1112
-0.0764154 0.997075 0.00137069 38.3798 -0.996898 -0.0764276 0.0187762 -0.85819 0.0188261 6.83509e-05 0.999823 89.0514
-0.0854054 0.996346 -0.000303257 39.1111 -0.996169 -0.0853844 0.0188989 -0.878201 0.018804 0.00191616 0.999821 88.9963
-0.0943904 0.995532 -0.00246734 39.8485 -0.99537 -0.0943293 0.0184503 -0.900962 0.0181351 0.00419745 0.999827 88.9337
-0.102385 0.994739 -0.00332346 40.6045 -0.994595 -0.102311 0.0177092 -0.925428 0.017276 0.00511866 0.999838 88.8524
-0.10818 0.994115 -0.00572519 41.3272 -0.994016 -0.108078 0.0158289 -0.956188 0.015117 0.00740329 0.999858 88.7672
-0.112423 0.993635 -0.00708652 42.0229 -0.993575 -0.112317 0.0139379 -0.970866 0.0130533 0.00860793 0.999878 88.6864
-0.11564 0.993244 -0.0096394 42.7217 -0.993231 -0.115521 0.0120937 -0.992935 0.0108985 0.0109727 0.99988 88.6077
-0.117769 0.992978 -0.011193 43.3968 -0.992991 -0.117643 0.0113333 -1.01118 0.00993698 0.0124492 0.999873 88.5312
-0.118614 0.992885 -0.0105118 44.062 -0.992888 -0.118493 0.0114816 -1.01868 0.0101543 0.0117989 0.999879 88.4477
-0.117673 0.993004 -0.00984284 44.7271 -0.992997 -0.117557 0.0116998 -1.03804 0.0104609 0.0111507 0.999883 88.3688
-0.115269 0.993269 -0.0114189 45.3679 -0.993268 -0.115121 0.0128489 -1.05543 0.0114479 0.0128231 0.999852 88.2956
-0.110046 0.993853 -0.0120793 45.9976 -0.993847 -0.109875 0.0140147 -1.07097 0.0126014 0.0135473 0.999829 88.2341
-0.102288 0.994685 -0.0118039 46.6126 -0.994664 -0.102111 0.0147138 -1.08446 0.0134303 0.013246 0.999822 88.1726
-0.0912493 0.995766 -0.0111117 47.1947 -0.995733 -0.0910809 0.014821 -1.09723 0.0137462 0.0124167 0.999828 88.1302
-0.0772985 0.996952 -0.0105597 47.7624 -0.996908 -0.0771364 0.0149808 -1.11594 0.0141206 0.011685 0.999832 88.0976
-0.0602645 0.998129 -0.0103358 48.3075 -0.998062 -0.0600929 0.0161756 -1.13032 0.0155242 0.0112906 0.999816 88.0776
-0.0385602 0.999207 -0.00997176 48.844 -0.999086 -0.0383676 0.0188413 -1.13612 0.0184437 0.0106892 0.999773 88.0633
-0.0131814 0.999879 -0.00822458 49.3747 -0.999694 -0.0130057 0.0210611 -1.15203 0.0209516 0.00849968 0.999744 88.0693
0.0154274 0.99986 -0.00648918 49.8948 -0.999615 0.0155726 0.0229568 -1.16654 0.0230546 0.00613252 0.999715 88.0887
0.048346 0.998817 -0.00526968 50.4285 -0.998551 0.0484565 0.0233936 -1.18648 0.0236212 0.00413106 0.999712 88.1416
0.0859695 0.996285 -0.00502642 50.953 -0.996051 0.0860594 0.0218195 -1.19371 0.022171 0.00313076 0.999749 88.2058
0.128099 0.991755 -0.00362697 51.4716 -0.991589 0.128144 0.0181602 -1.2057 0.0184753 0.00127016 0.999829 88.2849
0.172882 0.984941 -0.00161831 51.9727 -0.98484 0.172888 0.0141182 -1.22243 0.0141853 -0.000847002 0.999899 88.4001
0.220554 0.975374 0.00125069 52.4574 -0.975318 0.220527 0.0110372 -1.23922 0.0104896 -0.00365412 0.999938 88.5497
0.271653 0.962384 0.00464491 52.9324 -0.962362 0.271601 0.00962574 -1.25142 0.0080021 -0.00708495 0.999943 88.7087
0.325641 0.94548 0.00501913 53.4073 -0.945464 0.325584 0.00962459 -1.2506 0.00746571 -0.00787957 0.999941 88.9045
0.382847 0.923809 0.00228019 53.8458 -0.92377 0.382806 0.0103969 -1.26581 0.00873188 -0.00608679 0.999943 89.1247
0.44232 0.896855 -0.00181621 54.2522 -0.896773 0.442305 0.0127808 -1.27853 0.0122659 -0.00402449 0.999917 89.337
0.501676 0.865027 -0.00702985 54.658 -0.864873 0.501721 0.0164448 -1.2856 0.0177522 -0.00217003 0.99984 89.5889
0.559892 0.828521 -0.00857777 55.0289 -0.828273 0.55994 0.0207806 -1.29257 0.0220202 -0.00453016 0.999747 89.8539
0.615345 0.788206 -0.0089846 55.3778 -0.787875 0.615362 0.0241445 -1.29528 0.0245596 -0.00777846 0.999668 90.1879
0.668323 0.743793 -0.0107911 55.7092 -0.743412 0.66835 0.0254461 -1.29608 0.0261389 -0.008984 0.999618 90.5208
0.717715 0.696226 -0.0124609 56.0122 -0.695847 0.717766 0.0246849 -1.30827 0.0261303 -0.00904582 0.999618 90.8544
0.763519 0.645719 -0.00920982 56.3073 -0.645451 0.763506 0.021248 -1.33239 0.020752 -0.0102788 0.999732 91.2442
0.805227 0.59294 -0.00564216 56.5605 -0.592798 0.805188 0.0162098 -1.34186 0.0141544 -0.00970787 0.999853 91.637
0.84254 0.538634 -0.000908361 56.7826 -0.538579 0.842476 0.0129369 -1.34662 0.00773351 -0.0104106 0.999916 92.0172
0.874507 0.484998 0.00364079 56.9942 -0.485008 0.874445 0.0106522 -1.34311 0.00198265 -0.0110813 0.999937 92.4463
0.900949 0.433827 0.00919418 57.1808 -0.433906 0.900904 0.00990156 -1.3491 -0.00398751 -0.0129102 0.999909 92.8814
0.922181 0.38654 0.0130005 57.3464 -0.386682 0.922148 0.0110061 -1.35491 -0.00773404 -0.0151767 0.999855 93.3021
0.938382 0.345236 0.0158409 57.4809 -0.345469 0.938301 0.0155551 -1.35234 -0.00949334 -0.0200692 0.999754 93.7609
0.950636 0.309854 0.0167914 57.6026 -0.310163 0.950456 0.0207868 -1.359 -0.00951863 -0.0249688 0.999643 94.2186
0.96005 0.279403 0.01543 57.7224 -0.279714 0.959778 0.0242249 -1.33781 -0.0080408 -0.0275731 0.999587 94.6842
0.966401 0.256674 0.0136897 57.852 -0.25692 0.966202 0.0211119 -1.33803 -0.00780814 -0.0239197 0.999683 95.1676
0.970384 0.241215 0.0130203 57.976 -0.241416 0.970272 0.0170452 -1.33805 -0.0085217 -0.0196837 0.99977 95.655
0.973387 0.228812 0.0127953 58.0765 -0.229017 0.973256 0.0179961 -1.34097 -0.00833538 -0.0204475 0.999756 96.1596
0.975503 0.21956 0.0137154 58.1623 -0.21983 0.975269 0.0229252 -1.32178 -0.00834273 -0.0253786 0.999643 96.6603
0.976947 0.21302 0.01407 58.2539 -0.213353 0.976534 0.029356 -1.31335 -0.00748639 -0.0316811 0.99947 97.1608
0.977524 0.210478 0.0120351 58.3435 -0.210782 0.976861 0.036237 -1.31491 -0.00412956 -0.0379594 0.999271 97.6786
0.977643 0.210028 0.010141 58.4558 -0.210265 0.976891 0.0383836 -1.32181 -0.00184504 -0.0396578 0.999212 98.2235
0.977141 0.212485 0.00673784 58.5804 -0.212586 0.976386 0.0384317 -1.32635 0.00158744 -0.0389856 0.999239 98.785
0.976136 0.217158 0.000811782 58.7043 -0.217027 0.975403 0.0385841 -1.32776 0.00758701 -0.0378395 0.999255 99.339
0.975091 0.221765 -0.00424671 58.8257 -0.221433 0.974383 0.0393177 -1.33117 0.0128572 -0.037398 0.999218 99.9027
0.974089 0.226125 -0.00432952 58.9501 -0.225752 0.973282 0.0419226 -1.33523 0.0136936 -0.0398589 0.999111 100.48
0.972843 0.231467 0.000401718 59.0744 -0.231248 0.97184 0.0452833 -1.33362 0.0100912 -0.0441464 0.998974 101.067
0.971745 0.235985 0.00484198 59.2191 -0.235967 0.970769 0.043904 -1.33874 0.00566026 -0.043806 0.999024 101.673
0.970734 0.239974 0.00938041 59.3741 -0.240157 0.969926 0.0396094 -1.34727 0.000406918 -0.0407029 0.999171 102.289
0.96985 0.243306 0.013928 59.5328 -0.243653 0.969235 0.0348744 -1.34808 -0.00501431 -0.0372165 0.999295 102.923
0.969032 0.246487 0.0148641 59.6955 -0.246837 0.968585 0.0302505 -1.35362 -0.00694081 -0.0329828 0.999432 103.554
0.968788 0.247647 0.0110002 59.8539 -0.247858 0.968429 0.0266679 -1.34992 -0.00404864 -0.0285621 0.999584 104.201
0.968913 0.247362 0.0043136 60.0225 -0.247391 0.968584 0.0253499 -1.35726 0.00209251 -0.025629 0.999669 104.847
0.96909 0.246691 -0.00278978 60.1861 -0.246513 0.968713 0.0287505 -1.35926 0.00979499 -0.0271741 0.999583 105.511
0.969578 0.244691 -0.00665903 60.3477 -0.24436 0.969146 0.0323236 -1.35888 0.0143629 -0.0297131 0.999455 106.199
0.970299 0.241873 -0.00409807 60.5149 -0.241609 0.969804 0.0332286 -1.35064 0.0120114 -0.0312516 0.999439 106.893
0.970675 0.240383 0.00230985 60.6934 -0.240341 0.970214 0.0303526 -1.35434 0.00505522 -0.0300177 0.999537 107.595
0.971209 0.238081 0.00837258 60.8664 -0.238222 0.970844 0.0267051 -1.36047 -0.00177051 -0.0279307 0.999608 108.307
0.971756 0.235796 0.00955908 61.0351 -0.235973 0.97137 0.0275118 -1.37123 -0.00279825 -0.0289904 0.999576 109.031
0.972233 0.233911 0.00697703 61.1974 -0.234012 0.971632 0.0342087 -1.37345 0.00122268 -0.0348915 0.99939 109.764
0.973056 0.230559 0.00225634 61.3633 -0.23047 0.9723 0.0389489 -1.38475 0.00678618 -0.0384195 0.999239 110.5
0.973983 0.226618 -0.00104595 61.5344 -0.226383 0.973163 0.0412838 -1.38292 0.0103735 -0.0399729 0.999147 111.263
0.974835 0.222922 -0.00120779 61.7161 -0.222705 0.974096 0.0392494 -1.38565 0.00992607 -0.0379927 0.999229 112.041
0.975633 0.219407 -0.000668294 61.893 -0.219249 0.975037 0.0351019 -1.3992 0.00835322 -0.0341 0.999384 112.832
0.976142 0.217125 0.00156428 62.0737 -0.217066 0.97565 0.0314475 -1.40646 0.00530187 -0.0310368 0.999504 113.633
0.976366 0.216091 0.00364744 62.2496 -0.216108 0.975972 0.027867 -1.40979 0.00246202 -0.0279967 0.999605 114.429
0.97656 0.215185 0.00501535 62.4289 -0.215244 0.976263 0.0241069 -1.41467 0.000291147 -0.0246213 0.999697 115.229
0.976567 0.215134 0.0059131 62.6012 -0.215213 0.976306 0.0225849 -1.41521 -0.000914235 -0.0233282 0.999727 116.038
0.976491 0.215485 0.00562599 62.7669 -0.215558 0.976133 0.0264248 -1.41813 0.000202413 -0.0270163 0.999635 116.852
0.976352 0.216135 0.00475625 62.9268 -0.216176 0.97584 0.0316978 -1.42417 0.00220965 -0.0319764 0.999486 117.669
0.976144 0.217085 0.00416048 63.091 -0.217075 0.975331 0.0401054 -1.4324 0.00464845 -0.0400518 0.999187 118.498
0.975565 0.219626 0.00605578 63.26 -0.219657 0.974356 0.0487962 -1.43638 0.00481643 -0.0489341 0.99879 119.338
0.974868 0.222642 0.00791158 63.4343 -0.222748 0.973475 0.0522409 -1.44174 0.00392932 -0.0526903 0.998603 120.185
0.974203 0.225523 0.0082656 63.6148 -0.225637 0.97273 0.0537117 -1.45502 0.004073 -0.0541911 0.998522 121.024
0.973676 0.227816 0.00735148 63.7989 -0.227873 0.972155 0.0546625 -1.46502 0.00530622 -0.0548988 0.998478 121.861
0.973301 0.229444 0.00642248 64.0052 -0.22947 0.97198 0.0509709 -1.47324 0.00545246 -0.0510838 0.998679 122.711
0.973316 0.229422 0.0045955 64.2152 -0.229394 0.972303 0.0447803 -1.48436 0.00580535 -0.0446395 0.998986 123.542
0.973117 0.230284 0.00365466 64.4209 -0.230244 0.972309 0.040041 -1.49852 0.00566737 -0.0398061 0.999191 124.388
0.972687 0.232048 0.00580845 64.618 -0.23209 0.971843 0.040695 -1.5037 0.00379831 -0.0409316 0.999155 125.238
0.972314 0.233384 0.0117123 64.8043 -0.233673 0.971366 0.0429442 -1.49606 -0.00135446 -0.0444921 0.999009 126.099
0.971947 0.234579 0.0170742 64.9928 -0.235127 0.970885 0.0458024 -1.48482 -0.0058328 -0.0485321 0.998805 126.933
0.971749 0.235632 0.0134838 65.1873 -0.236005 0.970697 0.0452621 -1.50158 -0.00242353 -0.0471656 0.998884 127.748
0.971703 0.236205 0.000552355 65.3806 -0.236014 0.970819 0.0425104 -1.52311 0.00950493 -0.0414379 0.999096 128.555
0.971686 0.235979 -0.01187 65.5783 -0.235341 0.971082 0.0401866 -1.55406 0.0210099 -0.0362553 0.999122 129.367
0.971914 0.235029 -0.0120176 65.778 -0.234438 0.971399 0.0377095 -1.56381 0.0205368 -0.033833 0.999216 130.209
0.972435 0.233175 -0.000226495 65.9855 -0.233043 0.971917 0.032672 -1.55234 0.00783843 -0.0317186 0.999466 131.072
0.972564 0.232016 0.0169604 66.1949 -0.232371 0.972348 0.023299 -1.52232 -0.0110857 -0.0266008 0.999585 131.913
0.972538 0.231496 0.024057 66.3783 -0.232046 0.972425 0.0233312 -1.54085 -0.0179925 -0.0282728 0.999438 132.723
0.972971 0.230216 0.0181306 66.5395 -0.230701 0.972497 0.0320533 -1.56126 -0.0102528 -0.0353697 0.999322 133.502
0.973347 0.229293 0.0044623 66.72 -0.229293 0.9726 0.0384029 -1.56448 0.00446549 -0.0384025 0.999252 134.287
0.973836 0.22721 -0.00438419 66.9099 -0.226876 0.973154 0.0387014 -1.57394 0.0130598 -0.0366941 0.999241 135.118
0.974546 0.224125 -0.00531418 67.1026 -0.22378 0.973928 0.0372418 -1.58602 0.0135225 -0.0351047 0.999292 135.951
0.975402 0.220412 -0.00317901 67.2813 -0.220144 0.974754 0.0373086 -1.60335 0.011322 -0.035691 0.999299 136.764
0.976408 0.215923 -0.00234474 67.4571 -0.215682 0.975732 0.037797 -1.61823 0.0104491 -0.0363996 0.999283 137.556
0.977159 0.212503 -0.00158185 67.6255 -0.212278 0.97642 0.0392611 -1.63607 0.00988765 -0.0380286 0.999228 138.357
0.977682 0.210088 -0.00115472 67.7803 -0.209844 0.976784 0.0431122 -1.65056 0.0101853 -0.0419077 0.99907 139.167
0.977936 0.208904 0.000408562 67.9489 -0.208703 0.976904 0.0458353 -1.65729 0.00917605 -0.0449092 0.998949 139.977
0.978236 0.207461 0.0038753 68.1177 -0.20741 0.977114 0.0472116 -1.65818 0.00600796 -0.0469879 0.998877 140.773
0.978521 0.206048 0.00632372 68.2877 -0.206114 0.977372 0.0475437 -1.66473 0.00361568 -0.047826 0.998849 141.568
0.979083 0.203427 0.00385045 68.4454 -0.203389 0.978034 0.0456398 -1.68679 0.00551851 -0.0454683 0.998951 142.362
0.979888 0.199549 0.000246414 68.6002 -0.199379 0.978999 0.04252 -1.71517 0.00824361 -0.041714 0.999096 143.144
0.981157 0.193199 -0.00241975 68.7616 -0.19295 0.980392 0.0400115 -1.73181 0.0101025 -0.0387907 0.999196 143.931
0.982463 0.186454 -0.000777625 68.9165 -0.186287 0.981747 0.0383407 -1.73068 0.0079122 -0.0375235 0.999264 144.732
0.983619 0.180178 0.00537516 69.0564 -0.180254 0.982952 0.0362449 -1.73106 0.00124703 -0.0366201 0.999328 145.524
0.984346 0.175723 0.0135485 69.2007 -0.176099 0.983748 0.0350606 -1.735 -0.0071674 -0.0368977 0.999293 146.335
0.984981 0.17154 0.0196755 69.3293 -0.172141 0.984466 0.0345667 -1.7449 -0.0134403 -0.0374345 0.999209 147.126
0.98571 0.167316 0.0195437 69.4494 -0.16793 0.985153 0.0356952 -1.75021 -0.0132812 -0.038467 0.999172 147.909
0.986833 0.16126 0.0124652 69.5632 -0.161614 0.986182 0.0364078 -1.76324 -0.00642184 -0.037943 0.999259 148.687
0.98799 0.154471 0.00372243 69.6864 -0.154501 0.987282 0.0374556 -1.75762 0.00211071 -0.0375809 0.999291 149.474
0.989064 0.147487 0.000134912 69.807 -0.147389 0.988375 0.0372874 -1.75307 0.00536605 -0.0368995 0.999305 150.29
0.99015 0.140001 0.00177593 69.9148 -0.139965 0.989408 0.0384949 -1.73882 0.00363219 -0.0383643 0.999257 151.111
0.991208 0.132284 0.00286587 70.0067 -0.132287 0.990325 0.0419104 -1.73863 0.00270591 -0.041921 0.999117 151.928
0.992408 0.122986 0.000275925 70.0899 -0.122872 0.991392 0.0452195 -1.75276 0.0052878 -0.0449101 0.998977 152.731
0.993476 0.113993 -0.00341398 70.1755 -0.113718 0.992449 0.0459596 -1.76185 0.00862729 -0.0452715 0.998937 153.542
0.994413 0.105509 -0.0033105 70.2646 -0.105245 0.993378 0.0460786 -1.77761 0.00815027 -0.0454728 0.998932 154.375
0.995228 0.0975718 0.00134542 70.3332 -0.097528 0.994137 0.0466896 -1.77576 0.00321806 -0.046598 0.998909 155.207
0.995983 0.0891901 0.00795128 70.3917 -0.0894733 0.99479 0.0488633 -1.77872 -0.00355174 -0.0493784 0.998774 156.057
0.996636 0.0810861 0.0119092 70.4542 -0.0815807 0.995432 0.0495954 -1.7774 -0.00783332 -0.0504001 0.998698 156.888
0.997115 0.0746089 0.0139858 70.5153 -0.0752153 0.995937 0.0495238 -1.78401 -0.0102341 -0.0504328 0.998675 157.717
0.997431 0.0704481 0.0129801 70.5753 -0.0710095 0.996242 0.0495978 -1.78713 -0.00943726 -0.0503921 0.998685 158.538
0.997772 0.0661207 0.008878 70.6111 -0.0664989 0.996388 0.0528055 -1.79433 -0.00535439 -0.0532783 0.998565 159.362
0.998057 0.0622141 0.00352495 70.6452 -0.0623137 0.996328 0.0587217 -1.79568 0.000141319 -0.0588273 0.998268 160.178
0.998244 0.0592337 -0.00101939 70.687 -0.0590563 0.996322 0.0620806 -1.78989 0.0046929 -0.0619114 0.998071 160.994
0.998416 0.0562489 0.000922108 70.7197 -0.0561955 0.996436 0.0629126 -1.79261 0.00261995 -0.0628648 0.998019 161.833
0.998531 0.053539 0.00836351 70.7527 -0.053968 0.996457 0.0645018 -1.79169 -0.00488052 -0.0648583 0.997883 162.676
0.998566 0.0503871 0.0181047 70.7851 -0.0514945 0.996419 0.0670564 -1.79716 -0.0146611 -0.0678925 0.997585 163.51
0.998735 0.0455616 0.0212564 70.8243 -0.0468814 0.996692 0.0663913 -1.81028 -0.0181612 -0.0673038 0.997567 164.316
0.999066 0.0404957 0.0150473 70.8648 -0.0413283 0.997348 0.0599067 -1.82473 -0.0125814 -0.0604726 0.998091 165.107
0.999393 0.0342998 0.00603278 70.8987 -0.0345737 0.997971 0.0534575 -1.82712 -0.00418696 -0.0536336 0.998552 165.928
0.999623 0.0273123 0.00265016 70.9203 -0.0274152 0.99818 0.053714 -1.80264 -0.00117828 -0.0537665 0.998553 166.754
0.999792 0.0196431 0.00557422 70.9279 -0.0199043 0.998475 0.0514893 -1.78325 -0.00455431 -0.0515895 0.998658 167.579
0.999868 0.0123562 0.0105505 70.9371 -0.0128296 0.998857 0.0460504 -1.78907 -0.00996943 -0.0461796 0.998883 168.422
0.999867 0.00552702 0.0153155 70.9508 -0.00613622 0.99918 0.0400194 -1.7897 -0.0150818 -0.0401081 0.999082 169.261
0.999865 -8.89113e-05 0.0164536 70.9663 -0.000445077 0.999473 0.0324477 -1.79127 -0.0164478 -0.0324506 0.999338 170.097
0.9999 -0.00650831 0.0125237 70.9582 0.00614225 0.999559 0.0290498 -1.78931 -0.0127072 -0.0289699 0.9995 170.935
0.999904 -0.013538 0.00286266 70.9501 0.0134687 0.999645 0.0229838 -1.78745 -0.0031728 -0.022943 0.999732 171.755
0.999788 -0.0202394 -0.00383485 70.9605 0.0203029 0.999644 0.0173027 -1.78153 0.00348329 -0.0173769 0.999843 172.59
0.999639 -0.0268453 -0.00133937 70.9384 0.0268643 0.999494 0.0170235 -1.76492 0.000881686 -0.0170533 0.999854 173.438
0.999455 -0.0321404 0.00749298 70.8896 0.0319599 0.999223 0.023079 -1.74484 -0.00822892 -0.0228269 0.999706 174.293
0.999154 -0.0369383 0.0180746 70.8372 0.0364251 0.998946 0.0279426 -1.74186 -0.0190877 -0.0272606 0.999446 175.148
0.998923 -0.0408357 0.0220466 70.7961 0.0402008 0.998785 0.0285107 -1.74649 -0.0231841 -0.0275937 0.99935 175.987
0.998959 -0.04278 0.0158336 70.7599 0.0423126 0.99869 0.0287595 -1.76699 -0.0170432 -0.0280596 0.999461 176.818
0.998965 -0.0454032 0.00271532 70.696 0.0452788 0.998346 0.0354265 -1.75316 -0.0043193 -0.0352669 0.999369 177.646
0.998883 -0.0470726 -0.00413612 70.6391 0.0471988 0.998115 0.0392195 -1.73709 0.00228215 -0.0393709 0.999222 178.496
0.998796 -0.0489816 -0.00278478 70.5994 0.0490514 0.998104 0.0371848 -1.73363 0.000958129 -0.0372767 0.999305 179.357
0.998752 -0.0496432 0.00552727 70.5596 0.0494411 0.99826 0.0321205 -1.72823 -0.00711222 -0.0318072 0.999469 180.219
0.998666 -0.0498371 0.0134827 70.5221 0.0494256 0.998348 0.0293069 -1.72123 -0.014921 -0.0286014 0.99948 181.079
0.998527 -0.0519529 0.0156564 70.4619 0.0514724 0.998234 0.0296706 -1.73078 -0.0171702 -0.028821 0.999437 181.911
0.998508 -0.053789 0.00945745 70.4141 0.053497 0.998152 0.0288066 -1.73508 -0.0109895 -0.0282577 0.99954 182.746
0.998472 -0.0552468 -0.00114017 70.3816 0.0552583 0.998183 0.0240161 -1.74049 -0.000188717 -0.0240424 0.999711 183.577
0.998321 -0.0573487 -0.00811381 70.3447 0.0574646 0.998237 0.0148454 -1.73991 0.00724814 -0.0152868 0.999857 184.413
0.998265 -0.0584374 -0.0072382 70.2876 0.0585175 0.998221 0.011395 -1.73726 0.00655943 -0.0117988 0.999909 185.274
0.998232 -0.0594258 0.000764575 70.2312 0.0594117 0.998156 0.0124528 -1.73132 -0.00150318 -0.0123853 0.999922 186.136
0.998119 -0.060749 0.0082768 70.174 0.0606235 0.998053 0.0146581 -1.73264 -0.00915115 -0.0141288 0.999858 186.997
0.99803 -0.0621699 0.00848567 70.1115 0.0619935 0.997883 0.0196778 -1.73701 -0.00969108 -0.019113 0.99977 187.847
0.998081 -0.061832 0.00346411 70.0483 0.0617303 0.997798 0.0242485 -1.74834 -0.00495581 -0.0239882 0.9997 188.677
0.998076 -0.0619977 0.000108158 69.9835 0.0619729 0.997724 0.0265696 -1.74597 -0.00175517 -0.0265118 0.999647 189.526
0.99806 -0.0622566 0.000551393 69.9283 0.0622163 0.997664 0.0281994 -1.73856 -0.0023057 -0.0281104 0.999602 190.365
0.998002 -0.0631112 0.00285217 69.8613 0.062994 0.99754 0.030748 -1.7344 -0.00478569 -0.0305069 0.999523 191.191
0.997967 -0.0634823 0.00561119 69.7995 0.0632628 0.997446 0.0331467 -1.74193 -0.00770109 -0.0327244 0.999435 192.024
0.997924 -0.0640759 0.00646477 69.7359 0.063803 0.997311 0.0360519 -1.7435 -0.00875744 -0.0355646 0.999329 192.857
0.997907 -0.0644701 0.00492829 69.6749 0.0642528 0.997288 0.0359 -1.76023 -0.0072294 -0.0355082 0.999343 193.688
0.997853 -0.0654933 0.000595803 69.6116 0.0654224 0.997121 0.0383284 -1.76577 -0.00310434 -0.0382071 0.999265 194.491
