1 0 0 0 0 1 0 0 0 0 1 0
0.999992 -0.00401464 -0.000889732 -0.00311075 0.00401602 0.999991 0.00155475 -0.00733578 0.000883482 -0.00155831 0.999998 0.693109
0.999965 -0.00805833 -0.00203011 -0.0266387 0.00806184 0.999966 0.00172422 0.00400929 0.00201615 -0.00174053 0.999996 1.42031
0.999917 -0.0124754 -0.00306336 -0.049684 0.0124821 0.99992 0.00219011 0.0109158 0.0030358 -0.00222817 0.999993 2.15343
0.999849 -0.0171084 -0.00307814 -0.0689814 0.0171168 0.99985 0.00269391 0.0143118 0.00303159 -0.00274619 0.999992 2.89706
0.999757 -0.0217998 -0.00337215 -0.0931918 0.0218111 0.999756 0.0033574 0.0112679 0.00329814 -0.00343014 0.999989 3.66388
0.999638 -0.0265848 -0.00418923 -0.125718 0.0266126 0.999623 0.00673674 -0.000544439 0.00400855 -0.00684579 0.999969 4.44326
0.999518 -0.0308817 -0.00323894 -0.169346 0.0309077 0.999488 0.00831072 0.00280369 0.00298063 -0.00840682 0.99996 5.24777
0.999375 -0.0353239 -0.00127924 -0.204607 0.0353341 0.999333 0.00917181 0.000472371 0.000954406 -0.00921128 0.999957 6.05109
0.999226 -0.0393242 0.000818179 -0.240225 0.0393149 0.999184 0.00928281 -0.00134461 -0.00118255 -0.00924347 0.999957 6.85605
0.999125 -0.0417969 0.00160385 -0.283467 0.0417824 0.999093 0.0082119 -0.00696763 -0.00194563 -0.0081377 0.999965 7.66677
0.999035 -0.0439091 0.000950769 -0.325745 0.0439003 0.999005 0.00790342 -0.0123974 -0.00129685 -0.00785406 0.999968 8.49184
0.998958 -0.0456282 0.000455832 -0.366058 0.0456244 0.998938 0.00644871 -0.0161447 -0.000749591 -0.0064212 0.999979 9.32494
0.998864 -0.0476493 0.00100435 -0.415479 0.0476428 0.998848 0.00574932 -0.0103235 -0.00127715 -0.00569494 0.999983 10.1792
0.998781 -0.0493402 0.00125799 -0.459905 0.0493346 0.998774 0.00415162 -0.0142604 -0.00146129 -0.00408449 0.999991 11.0346
0.998689 -0.0511804 -0.000273669 -0.505927 0.0511811 0.998676 0.00513405 -0.0152765 1.05444e-05 -0.00514133 0.999987 11.8994
0.998618 -0.0524619 -0.00299309 -0.566172 0.0524815 0.998598 0.00692449 -0.0248813 0.00262563 -0.007072 0.999972 12.7719
0.998536 -0.053893 -0.00460941 -0.612414 0.053938 0.998491 0.010269 -0.0244959 0.00404903 -0.0105026 0.999937 13.6418
0.998476 -0.0549875 -0.00475665 -0.667698 0.0550386 0.998419 0.0113892 -0.0236707 0.00412287 -0.0116336 0.999924 14.5249
0.998391 -0.0565968 -0.00354221 -0.720339 0.0566324 0.998335 0.0109254 -0.0268442 0.00291797 -0.0111084 0.999934 15.4388
0.998326 -0.0578033 -0.00203812 -0.781428 0.0578217 0.99827 0.0106158 -0.033427 0.00142097 -0.0107158 0.999942 16.3471
0.998254 -0.059054 -0.00155279 -0.845418 0.0590674 0.998195 0.0108443 -0.0480701 0.000909592 -0.0109171 0.99994 17.2579
0.99817 -0.0604292 -0.00218268 -0.907357 0.0604485 0.998119 0.0102577 -0.0523386 0.00155871 -0.0103708 0.999945 18.16
0.998093 -0.0616612 -0.00271245 -0.972599 0.0616855 0.998045 0.0100068 -0.0586454 0.00209012 -0.010155 0.999946 19.0737
0.998051 -0.062389 -0.00110965 -1.03076 0.0623969 0.998002 0.00993362 -0.0640509 0.000487688 -0.0099835 0.99995 19.9951
0.998059 -0.0622439 0.0020024 -1.09294 0.0622209 0.998012 0.00999876 -0.0593243 -0.00262078 -0.00985476 0.999948 20.931
0.998085 -0.0615948 0.00561029 -1.1583 0.0615358 0.998053 0.0101459 -0.0577549 -0.0062243 -0.00978121 0.999933 21.8698
0.998172 -0.0598037 0.0087397 -1.21576 0.0597051 0.998154 0.0111394 -0.0616371 -0.00938974 -0.0105972 0.9999 22.8125
0.998266 -0.0580112 0.0100224 -1.27053 0.0579217 0.998281 0.00899632 -0.0533771 -0.0105271 -0.0084002 0.999909 23.7617
0.99838 -0.0563855 0.00757416 -1.33315 0.0563198 0.998375 0.00862898 -0.0512741 -0.0080484 -0.00818843 0.999934 24.7015
0.998475 -0.0551168 0.00301162 -1.40091 0.0550825 0.998427 0.0104886 -0.0488117 -0.00358498 -0.0103067 0.99994 25.6646
0.998536 -0.0540939 8.48805e-06 -1.45109 0.05409 0.998465 0.0118814 -0.0554897 -0.000651186 -0.0118635 0.999929 26.6204
0.998576 -0.053335 0.000839606 -1.50666 0.0533217 0.99851 0.0116401 -0.0693553 -0.00145918 -0.0115788 0.999932 27.5973
0.99856 -0.0533794 0.00527827 -1.55466 0.053335 0.998543 0.00821606 -0.0650357 -0.00570915 -0.00792271 0.999952 28.5784
0.998486 -0.0541837 0.0094898 -1.6064 0.0541666 0.99853 0.00204938 -0.0544496 -0.00958689 -0.00153224 0.999953 29.5512
0.998419 -0.0552694 0.0102197 -1.65206 0.0553225 0.998456 -0.00498906 -0.0494761 -0.00992818 0.00554656 0.999935 30.5235
0.998376 -0.0565456 0.00690807 -1.70308 0.0565883 0.998379 -0.00614002 -0.0503436 -0.00654968 0.00652096 0.999957 31.5185
0.998302 -0.0581684 0.00317085 -1.76652 0.0581817 0.998297 -0.00427918 -0.0561703 -0.00291654 0.0044564 0.999986 32.497
0.998196 -0.0600149 0.00155032 -1.8395 0.0600169 0.998197 -0.00123803 -0.0503776 -0.00147323 0.00132884 0.999998 33.4829
0.998128 -0.0610722 0.00329088 -1.89736 0.0610831 0.998127 -0.00333 -0.0499722 -0.00308134 0.00352478 0.999989 34.5043
0.998043 -0.0622398 0.00610049 -1.96462 0.0622595 0.998055 -0.00310436 -0.0460107 -0.00589541 0.0034781 0.999977 35.4921
0.997972 -0.0632295 0.00739027 -2.04301 0.0632258 0.997999 0.000731931 -0.0552777 -0.00742176 -0.000263191 0.999972 36.5076
0.997868 -0.0645636 0.00956746 -2.11556 0.0645564 0.997913 0.00105567 -0.0490949 -0.00961565 -0.000435779 0.999954 37.4969
0.997813 -0.0648865 0.0126454 -2.18164 0.0648731 0.997892 0.00146426 -0.0506327 -0.0127137 -0.000640714 0.999919 38.4927
0.997758 -0.0651594 0.0152556 -2.26025 0.065136 0.997874 0.0020293 -0.0394595 -0.0153554 -0.00103106 0.999882 39.5118
0.997781 -0.064915 0.0148244 -2.3408 0.0648454 0.997882 0.00512949 -0.0342736 -0.015126 -0.00415682 0.999877 40.498
0.997783 -0.0651751 0.013483 -2.40578 0.0651226 0.997868 0.00430158 -0.0264629 -0.0137346 -0.00341399 0.9999 41.4831
0.997826 -0.0649485 0.0111383 -2.4821 0.0648616 0.997862 0.00799926 -0.0210513 -0.011634 -0.00725943 0.999906 42.4994
0.997756 -0.0660318 0.011042 -2.55132 0.0659304 0.997781 0.0093095 -0.0146976 -0.0116322 -0.00856061 0.999896 43.4714
0.997648 -0.0672997 0.0129781 -2.62542 0.0672454 0.997726 0.00458105 -0.00184282 -0.0132569 -0.00369755 0.999905 44.4603
0.997576 -0.0682229 0.0137112 -2.68713 0.0681813 0.997667 0.00348402 0.00480368 -0.0139169 -0.00254073 0.9999 45.4507
0.997588 -0.0684564 0.0115102 -2.75807 0.0684127 0.997648 0.00414948 -0.000790125 -0.0117672 -0.00335203 0.999925 46.4163
0.997591 -0.0690821 0.00635469 -2.83477 0.0690276 0.997579 0.00842631 0.000547124 -0.00692141 -0.00796736 0.999944 47.4096
0.997585 -0.0693055 0.00460407 -2.92432 0.0692549 0.997545 0.0103622 -6.15732e-05 -0.00531093 -0.0100183 0.999936 48.3771
0.997546 -0.0695868 0.0077204 -2.99392 0.0695063 0.997529 0.0102494 0.0114212 -0.00841454 -0.00968764 0.999918 49.354
0.997503 -0.0695752 0.0121452 -3.05695 0.0694904 0.997556 0.00726945 0.00488198 -0.0126213 -0.00640732 0.9999 50.3467
0.997458 -0.0700874 0.0128403 -3.12601 0.0700113 0.997526 0.00628954 0.0106593 -0.0132493 -0.00537459 0.999898 51.3017
0.997457 -0.0702363 0.0120839 -3.19076 0.0702018 0.997527 0.0032567 0.0108766 -0.0122827 -0.00240011 0.999922 52.2701
0.997455 -0.0703874 0.0113279 -3.25566 0.0703894 0.99752 0.000223687 0.0101654 -0.0113156 0.000574247 0.999936 53.2385
0.997358 -0.0716162 0.0121555 -3.32711 0.0716391 0.99743 -0.00146113 0.0153116 -0.0120196 0.00232808 0.999925 54.1852
0.997239 -0.0724557 0.0162899 -3.39435 0.0725236 0.99736 -0.00361961 0.0230878 -0.0159846 0.00479102 0.999861 55.1414
0.997073 -0.0732774 0.0218032 -3.45256 0.0734512 0.997272 -0.00728023 0.0308869 -0.0212103 0.00886039 0.999736 56.0955
0.996953 -0.0738893 0.0250145 -3.52914 0.0741024 0.997221 -0.00770342 0.0510469 -0.0243758 0.00953358 0.999657 57.0463
0.996926 -0.0750818 0.0223959 -3.61737 0.075259 0.997138 -0.0071729 0.0643604 -0.0217933 0.00883635 0.999723 57.9936
0.996965 -0.0764831 0.0145554 -3.69577 0.0765545 0.997056 -0.00441485 0.0656757 -0.0141749 0.00551573 0.999884 58.906
0.99696 -0.0774829 0.00820418 -3.76366 0.0774981 0.996991 -0.00155075 0.0639586 -0.00805934 0.00218185 0.999965 59.8215
0.996894 -0.0784196 0.00728863 -3.84728 0.0784009 0.996918 0.00281536 0.0732215 -0.00748694 -0.00223518 0.999969 60.7446
0.996798 -0.0793607 0.00973276 -3.92952 0.0793079 0.996834 0.00569754 0.0720009 -0.0101541 -0.00490742 0.999936 61.6427
0.996669 -0.0806379 0.0121641 -4.00893 0.0805554 0.996725 0.00712378 0.0751585 -0.0126987 -0.00612017 0.999901 62.5212
0.996583 -0.081696 0.0121967 -4.08571 0.0815925 0.996627 0.00876046 0.0696821 -0.0128712 -0.00773536 0.999887 63.4027
0.996479 -0.0829061 0.0124609 -4.16694 0.0827894 0.996521 0.00960714 0.0753333 -0.013214 -0.00854169 0.999876 64.2595
0.99633 -0.0845586 0.0132561 -4.2484 0.0844269 0.996377 0.0101994 0.078097 -0.0140706 -0.00904276 0.99986 65.1025
0.996182 -0.0862276 0.0136751 -4.32012 0.0860913 0.996234 0.0102646 0.0742895 -0.0145087 -0.00904807 0.999854 65.9316
0.996043 -0.0876819 0.0145272 -4.39147 0.0875154 0.996094 0.011725 0.0725323 -0.0154986 -0.0104073 0.999826 66.7398
0.995894 -0.0890231 0.0164539 -4.47444 0.0888184 0.995966 0.0127806 0.0787951 -0.0175253 -0.0112667 0.999783 67.5517
0.995712 -0.0902544 0.0203047 -4.55554 0.0900139 0.995863 0.0124647 0.100391 -0.0213456 -0.0105835 0.999716 68.3342
0.995499 -0.0919286 0.0230454 -4.63453 0.0916434 0.995705 0.0131428 0.111902 -0.0241547 -0.0109717 0.999648 69.0952
0.995445 -0.0930478 0.0207547 -4.70411 0.0927103 0.995554 0.0166711 0.107213 -0.0222136 -0.014671 0.999646 69.8486
0.995443 -0.094367 0.0137148 -4.77079 0.0941011 0.995383 0.0188929 0.110969 -0.0154344 -0.0175163 0.999727 70.5595
0.995386 -0.0956726 0.00731685 -4.84812 0.0955201 0.995247 0.0189374 0.116179 -0.00909387 -0.0181511 0.999794 71.2724
0.995351 -0.0962036 0.00461779 -4.92335 0.0961027 0.995198 0.0185667 0.121742 -0.0063818 -0.0180366 0.999817 71.9639
0.995283 -0.0967634 0.0069481 -4.9999 0.0966041 0.995113 0.0204444 0.122114 -0.00889242 -0.0196768 0.999767 72.6503
0.995131 -0.0979997 0.0105214 -5.07552 0.0977812 0.995015 0.0195877 0.122105 -0.0123886 -0.0184635 0.999753 73.3197
0.995042 -0.0990339 0.0091017 -5.13309 0.0988587 0.994938 0.018023 0.120628 -0.0108405 -0.0170339 0.999796 73.9359
0.995098 -0.098786 0.00464236 -5.18312 0.0987198 0.995033 0.0128213 0.114065 -0.00588587 -0.0123002 0.999907 74.5378
0.995199 -0.0978704 -7.66841e-05 -5.24367 0.0978684 0.995173 0.00729482 0.111587 -0.000637633 -0.0072673 0.999973 75.146
0.995468 -0.0950863 -0.00154477 -5.30628 0.0950953 0.99544 0.00754236 0.109682 0.000820546 -0.00765508 0.99997 75.7251
0.995877 -0.0907179 0.000330983 -5.37002 0.0907075 0.995806 0.0119392 0.119515 -0.00141269 -0.0118599 0.999929 76.2801
0.996284 -0.0860419 0.00391637 -5.42158 0.0859812 0.996203 0.0136683 0.11235 -0.00507754 -0.0132808 0.999899 76.8343
0.996683 -0.0808883 0.00894363 -5.45734 0.0807841 0.996666 0.0114594 0.105691 -0.00984074 -0.0106989 0.999894 77.3711
0.997261 -0.0727373 0.0133734 -5.48498 0.0726435 0.997331 0.00736966 0.0951251 -0.0138738 -0.00637799 0.999883 77.9142
0.997983 -0.0619588 0.0138082 -5.52472 0.061854 0.998054 0.00789101 0.101286 -0.0142702 -0.00702101 0.999874 78.4266
0.998795 -0.0473511 0.0129249 -5.5682 0.0471866 0.998805 0.0127485 0.104162 -0.0135131 -0.0121232 0.999835 78.9278
0.999487 -0.0291795 0.0131651 -5.59465 0.0289349 0.999412 0.018398 0.11497 -0.0136942 -0.0180077 0.999744 79.4307
0.999871 -0.00751795 0.0142045 -5.58787 0.00724671 0.999792 0.0190514 0.1251 -0.0143448 -0.018946 0.999718 79.9021
0.999704 0.0186328 0.0156331 -5.56731 -0.0188668 0.99971 0.0149572 0.119885 -0.0153499 -0.0152477 0.999766 80.3744
0.998691 0.0480931 0.0173928 -5.52821 -0.0483173 0.998751 0.0127053 0.116426 -0.01676 -0.013529 0.999768 80.8242
0.996514 0.0811284 0.0194585 -5.48873 -0.0813837 0.996602 0.0127038 0.121803 -0.0183618 -0.0142432 0.99973 81.2598
0.992751 0.118421 0.0205205 -5.42056 -0.118699 0.992847 0.012901 0.126453 -0.018846 -0.0152433 0.999706 81.7158
0.986874 0.16006 0.0214776 -5.34351 -0.160359 0.986973 0.0130035 0.140479 -0.0191165 -0.0162769 0.999685 82.1391
0.978504 0.205051 0.0219967 -5.2475 -0.205365 0.978598 0.0130861 0.142088 -0.0188426 -0.0173222 0.999672 82.5569
0.967012 0.253815 0.0215904 -5.11603 -0.254166 0.967038 0.015417 0.140082 -0.0169657 -0.020396 0.999648 82.9816
0.951629 0.30654 0.0208448 -4.97878 -0.30688 0.951619 0.0156671 0.133191 -0.0150338 -0.0213061 0.99966 83.3579
0.932109 0.361627 0.0199635 -4.79023 -0.361948 0.932064 0.0158331 0.140537 -0.0128816 -0.0219839 0.999675 83.7513
0.907992 0.418538 0.0194058 -4.61802 -0.418839 0.90793 0.0154058 0.143361 -0.0111711 -0.0221163 0.999693 84.1028
0.879227 0.476045 0.0184627 -4.40982 -0.476321 0.879133 0.0155789 0.151389 -0.00881493 -0.0224915 0.999708 84.431
0.846244 0.532523 0.0170572 -4.14529 -0.532757 0.846137 0.0149252 0.140176 -0.00648467 -0.0217177 0.999743 84.768
0.809475 0.586925 0.016412 -3.91091 -0.587134 0.809365 0.0142496 0.138493 -0.00491987 -0.0211707 0.999764 85.0519
0.769847 0.638001 0.0170142 -3.61408 -0.63821 0.769751 0.0130649 0.136934 -0.00476123 -0.0209166 0.99977 85.3472
0.727163 0.686187 0.0195194 -3.36324 -0.68644 0.727084 0.0121933 0.144708 -0.00582533 -0.0222654 0.999735 85.5966
0.682007 0.731041 0.0211211 -3.08008 -0.731319 0.681947 0.0110422 0.149522 -0.00633118 -0.0229771 0.999716 85.8305
0.635226 0.772079 0.019539 -2.7376 -0.772309 0.635177 0.00941888 0.143486 -0.00513861 -0.0210733 0.999765 86.0714
0.588625 0.80825 0.0158761 -2.43037 -0.808395 0.588606 0.00634157 0.124399 -0.00421919 -0.016567 0.999854 86.2433
0.541723 0.840411 0.0156792 -2.08777 -0.840554 0.541678 0.00734206 0.126512 -0.00232271 -0.0171565 0.99985 86.4406
0.49466 0.86889 0.0184798 -1.7772 -0.869086 0.494569 0.00952517 0.134258 -0.000863209 -0.0207722 0.999784 86.6003
0.4491 0.893257 0.0200165 -1.44202 -0.893481 0.448954 0.0114953 0.131399 0.00128177 -0.0230469 0.999734 86.7518
0.406166 0.913681 0.0146808 -1.07668 -0.913793 0.406051 0.0102204 0.130649 0.00337704 -0.0175664 0.99984 86.8986
0.36653 0.930395 0.004564 -0.72687 -0.930405 0.366518 0.00341105 0.118713 0.00150084 -0.00549662 0.999984 86.9779
0.331112 0.94359 -0.00172935 -0.367279 -0.94359 0.331108 -0.00238875 0.111182 -0.0016814 0.00242274 0.999996 87.0643
0.297408 0.954751 -0.000381839 0.00823799 -0.95475 0.297407 -0.000900162 0.113166 -0.000745868 0.000632276 1 87.1869
0.266567 0.963779 0.00846319 0.357611 -0.963807 0.266514 0.00689368 0.120718 0.00438843 -0.0099945 0.99994 87.2887
0.237999 0.971156 0.0146006 0.734051 -0.971226 0.237826 0.0126345 0.122056 0.00879766 -0.0171874 0.999814 87.3784
0.211897 0.977189 0.0142235 1.13552 -0.977224 0.211688 0.0148493 0.113247 0.0114996 -0.0170461 0.999789 87.4584
0.188626 0.982019 0.00774212 1.53646 -0.98196 0.188497 0.0149458 0.102602 0.0132177 -0.0104216 0.999858 87.5118
0.167851 0.985812 -0.000457044 1.93429 -0.98563 0.167829 0.0191304 0.0933408 0.0189357 -0.00276059 0.999817 87.5605
0.147965 0.988983 -0.00430581 2.36947 -0.98861 0.148027 0.0271745 0.105908 0.0275125 0.000235895 0.999621 87.6194
0.130321 0.991466 -0.00334965 2.79742 -0.991021 0.130363 0.029701 0.117424 0.0298842 -0.000551093 0.999553 87.6792
0.114847 0.993383 -0.000589636 3.25728 -0.993038 0.114823 0.0262869 0.108752 0.0261807 -0.00243344 0.999654 87.737
0.100052 0.994982 0.000912435 3.72471 -0.994749 0.100008 0.021766 0.0875895 0.0215655 -0.00308536 0.999763 87.7805
0.0869853 0.99621 0.00015864 4.19615 -0.996038 0.0869674 0.0185696 0.0691184 0.0184854 -0.00177329 0.999828 87.8167
0.0750309 0.997174 -0.00384329 4.69107 -0.997033 0.0750857 0.0169716 0.053209 0.0172122 0.00255849 0.999849 87.8505
0.0646906 0.997879 -0.00725856 5.20277 -0.997744 0.0648092 0.017494 0.0362082 0.0179274 0.00611049 0.999821 87.8736
0.0565996 0.998366 -0.0078901 5.73539 -0.998222 0.0567359 0.0182821 0.0221537 0.0186998 0.00684132 0.999802 87.8988
0.0506735 0.99868 -0.00839418 6.28112 -0.998541 0.0508199 0.0182613 0.0155292 0.0186638 0.00745657 0.999798 87.9325
0.0451318 0.998943 -0.00868298 6.84383 -0.998787 0.0452928 0.0193345 0.0056146 0.0197074 0.00779985 0.999775 87.9657
0.0394812 0.999174 -0.00958989 7.42345 -0.999012 0.0396673 0.0200536 -0.0020792 0.0204174 0.00878868 0.999753 87.9852
0.0348968 0.999322 -0.0117294 8.03135 -0.999183 0.0351263 0.0199674 -0.016478 0.0203658 0.011023 0.999732 88.0009
0.031752 0.999408 -0.0132599 8.65087 -0.99929 0.0320119 0.0198687 -0.0354673 0.0202814 0.0126196 0.999715 88.0171
0.0288456 0.999493 -0.0134869 9.27781 -0.99939 0.0291029 0.0192859 -0.0517626 0.0196686 0.0129224 0.999723 88.0423
0.0264007 0.999534 -0.0153274 9.93088 -0.999464 0.0266897 0.0189718 -0.0568538 0.019372 0.0148183 0.999703 88.0598
0.0254669 0.999516 -0.0178572 10.6157 -0.999492 0.0258006 0.0187172 -0.0694109 0.0191689 0.0173714 0.999665 88.0684
0.0262829 0.99938 -0.023428 11.3103 -0.999486 0.0267012 0.0177228 -0.0823519 0.0183374 0.0229502 0.999568 88.0789
0.0288917 0.999238 -0.026224 12.025 -0.999414 0.0293593 0.0176239 -0.0920048 0.0183804 0.0256995 0.999501 88.0983
0.0324343 0.9991 -0.0273234 12.7498 -0.999305 0.0329194 0.0174939 -0.105069 0.0183776 0.026737 0.999474 88.1317
0.0364288 0.998949 -0.0278211 13.4919 -0.999166 0.0369226 0.017444 -0.122185 0.0184529 0.0271624 0.999461 88.1625
0.0407811 0.998745 -0.0290578 14.2512 -0.999012 0.0412719 0.0164976 -0.142094 0.0176762 0.0283563 0.999442 88.1941
0.0451151 0.99853 -0.0300328 15.0294 -0.998848 0.0455803 0.0149894 -0.158616 0.0163363 0.029322 0.999437 88.2267
0.049254 0.998337 -0.0299471 15.8208 -0.99868 0.0496649 0.0131351 -0.170074 0.0146006 0.0292606 0.999465 88.2698
0.0533206 0.998146 -0.0293585 16.6161 -0.998492 0.0536779 0.0115172 -0.178516 0.0130717 0.0287002 0.999503 88.3191
0.0573921 0.998013 -0.0260046 17.4272 -0.99826 0.0577212 0.0120869 -0.189744 0.0135639 0.0252656 0.999589 88.3666
0.0603006 0.997962 -0.0208881 18.2421 -0.998047 0.0606214 0.0150787 -0.209163 0.0163142 0.019938 0.999668 88.4311
0.0621085 0.997937 -0.0162473 19.0453 -0.997839 0.0624354 0.0204547 -0.227106 0.0214269 0.0149418 0.999659 88.4937
0.0621179 0.997985 -0.012929 19.8594 -0.997765 0.0624135 0.0238709 -0.246546 0.0246297 0.0114173 0.999631 88.5529
0.0623458 0.998017 -0.00861366 20.6875 -0.997759 0.062535 0.0237939 -0.269374 0.0242854 0.00711091 0.99968 88.6242
0.0627772 0.998001 -0.00723501 21.5134 -0.99776 0.0629266 0.0226906 -0.293656 0.0231006 0.00579435 0.999716 88.6919
0.0623837 0.998022 -0.00780328 22.3291 -0.997824 0.0625348 0.0209142 -0.323973 0.0213608 0.0064816 0.999751 88.7451
0.0626731 0.998011 -0.00683747 23.1496 -0.997827 0.062798 0.019918 -0.349655 0.0203078 0.00557429 0.999778 88.7965
0.0630264 0.998002 -0.00450426 23.974 -0.997812 0.0631034 0.0197124 -0.372587 0.0199573 0.003252 0.999796 88.8568
0.0632104 0.997996 -0.00288309 24.7993 -0.997799 0.0632554 0.0199077 -0.39627 0.0200502 0.00161836 0.999798 88.9179
0.0621419 0.998067 0.000138048 25.624 -0.997847 0.0621252 0.0210164 -0.424623 0.0209672 -0.00144375 0.999779 88.9797
0.0596379 0.998219 0.00154094 26.4478 -0.997993 0.0595913 0.021441 -0.447249 0.021311 -0.00281654 0.999769 89.0315
0.0558859 0.998435 0.00222605 27.2597 -0.998228 0.0558284 0.0205922 -0.461781 0.0204357 -0.00337291 0.999785 89.0866
0.051045 0.998694 0.00231667 28.0746 -0.998531 0.0509943 0.0183133 -0.482963 0.0181712 -0.00324807 0.99983 89.146
0.0448138 0.998976 0.00614348 28.8963 -0.998867 0.0447088 0.0162808 -0.510496 0.0159894 -0.00686612 0.999849 89.1952
0.0373382 0.999279 0.00691873 29.728 -0.999184 0.0372262 0.0156631 -0.525223 0.0153942 -0.00749792 0.999853 89.2351
0.0282782 0.999581 0.00610844 30.5429 -0.999471 0.0281759 0.016236 -0.543747 0.0160571 -0.00656433 0.99985 89.2627
0.0181982 0.999818 0.00570935 31.3472 -0.999698 0.0181012 0.0166197 -0.564779 0.0165134 -0.00601008 0.999846 89.2861
0.00819181 0.999958 0.0041848 32.1528 -0.999834 0.00812247 0.0163268 -0.581438 0.0162921 -0.00431785 0.999858 89.3022
-0.00234152 0.999989 0.00405871 32.9595 -0.999874 -0.00240493 0.0156889 -0.601854 0.0156985 -0.00402147 0.999869 89.3091
-0.0139959 0.999893 0.00429651 33.7587 -0.999795 -0.014057 0.0145489 -0.62283 0.0146077 -0.00409201 0.999885 89.3003
-0.0245557 0.999683 0.00560648 34.5434 -0.999595 -0.0246334 0.0142439 -0.650518 0.0143775 -0.00525444 0.999883 89.2711
-0.0355151 0.999354 0.00547505 35.3229 -0.999269 -0.0355887 0.0139875 -0.673612 0.0141733 -0.00497428 0.999887 89.2455
-0.0467031 0.998895 0.00527085 36.0967 -0.9988 -0.0467753 0.0145315 -0.694062 0.014762 -0.00458586 0.999881 89.2142
-0.0570589 0.998358 0.00497433 36.8774 -0.998246 -0.0571298 0.0155036 -0.707305 0.0157623 -0.00408099 0.999867 89.1771
-0.0668439 0.997749 0.00542791 37.6428 -0.99763 -0.0669228 0.0159799 -0.727053 0.0163072 -0.00434689 0.999858 89.1236
-0.0765757 0.997054 0.00452481 38.3929 -0.996926 -0.0766398 0.0162827 -0.741681 0.0165815 -0.00326404 0.999857 89.0635
-0.0854278 0.99634 0.00297515 39.1247 -0.9962 -0.0854658 0.0167732 -0.759942 0.0169661 -0.00153095 0.999855 89.0082
-0.094272 0.995546 0.000942666 39.8628 -0.995405 -0.0942745 0.0167778 -0.781241 0.0167919 0.00064334 0.999859 88.9456
-0.101742 0.994811 0.000242857 40.6186 -0.994683 -0.101733 0.0159999 -0.804692 0.0159416 0.0013863 0.999872 88.8645
-0.107105 0.994246 -0.00200144 41.3412 -0.994152 -0.107067 0.0140925 -0.834493 0.0137971 0.00349911 0.999899 88.7801
-0.111003 0.993815 -0.00320255 42.0367 -0.993751 -0.110956 0.0121895 -0.848241 0.0117588 0.00453561 0.999921 88.7002
-0.113961 0.993469 -0.00559422 42.7354 -0.993438 -0.1139 0.0103445 -0.869371 0.00963978 0.00673639 0.999931 88.6226
-0.11591 0.993235 -0.00698751 43.4104 -0.993221 -0.115841 0.00959836 -0.88673 0.00872399 0.0080527 0.99993 88.5475
-0.116651 0.993154 -0.00614561 44.0755 -0.993132 -0.116588 0.00978152 -0.893402 0.00899805 0.00724442 0.999933 88.4654
-0.115685 0.993272 -0.00531597 44.7406 -0.993242 -0.115628 0.0100487 -0.911959 0.00936638 0.00644252 0.999935 88.388
-0.11333 0.993535 -0.00673305 45.3813 -0.993503 -0.11325 0.011256 -0.928601 0.0104208 0.00796495 0.999914 88.3163
-0.108235 0.994099 -0.00723398 46.0109 -0.994057 -0.10814 0.012496 -0.943416 0.0116399 0.00854349 0.999896 88.2562
-0.100684 0.994895 -0.00679719 46.6258 -0.99484 -0.100587 0.0132848 -0.956247 0.0125333 0.00809968 0.999889 88.196
-0.0899312 0.99593 -0.0059421 47.2077 -0.995864 -0.0898448 0.0134955 -0.968381 0.0129067 0.00713119 0.999891 88.1547
-0.0763447 0.997068 -0.00522794 47.7752 -0.996992 -0.0762667 0.0137696 -0.986482 0.0133305 0.00626345 0.999892 88.1231
-0.0597473 0.998202 -0.00484284 48.3201 -0.998104 -0.0596682 0.0150898 -1.00028 0.0147737 0.00573524 0.999874 88.1038
-0.0385494 0.999247 -0.00431557 48.8564 -0.9991 -0.0384664 0.0178944 -1.00555 0.0177149 0.0050015 0.999831 88.0899
-0.0137609 0.999902 -0.00240337 49.3869 -0.999701 -0.0137094 0.0202627 -1.0209 0.0202277 0.00268148 0.999792 88.0961
0.0141728 0.999899 -0.000501374 49.9067 -0.99965 0.0141804 0.0223155 -1.03486 0.0223204 0.000184926 0.999751 88.1154
0.0470908 0.99889 0.000766114 50.4406 -0.998632 0.0470611 0.0227936 -1.05414 0.0227322 -0.00183843 0.99974 88.1677
0.0847035 0.996406 0.00105477 50.9651 -0.996183 0.0846621 0.0212624 -1.06067 0.0210967 -0.00285174 0.999773 88.2311
0.126811 0.991924 0.00249686 51.4839 -0.991778 0.126748 0.0176446 -1.07189 0.0171856 -0.00471386 0.999841 88.3096
0.171572 0.985161 0.00454745 51.9851 -0.98509 0.171497 0.0136434 -1.08765 0.0126611 -0.00682049 0.999897 88.4242
0.219228 0.975645 0.00745943 52.4701 -0.975635 0.219144 0.0106024 -1.1033 0.00870949 -0.00960202 0.999916 88.5733
0.270324 0.962708 0.0108987 52.9452 -0.962751 0.270232 0.00923031 -1.11432 0.00594092 -0.0129879 0.999898 88.7316
0.324326 0.945878 0.0113198 53.4204 -0.945932 0.324234 0.00927305 -1.11209 0.0051009 -0.0137153 0.999893 88.9267
0.381566 0.924301 0.00862894 53.8593 -0.924322 0.38148 0.010094 -1.12577 0.00603809 -0.0118274 0.999912 89.1464
0.441094 0.897449 0.00458265 54.266 -0.897414 0.441012 0.0125287 -1.13702 0.00922285 -0.00963886 0.999911 89.3582
0.500526 0.865722 -0.000579415 54.6721 -0.865603 0.500468 0.0162453 -1.14239 0.0143539 -0.00762965 0.999868 89.6096
0.558817 0.829288 -0.00207506 55.0434 -0.82909 0.558735 0.0206287 -1.14758 0.0182665 -0.00980725 0.999785 89.874
0.614341 0.789037 -0.00243111 55.3928 -0.788776 0.614211 0.0240387 -1.14807 0.0204606 -0.0128503 0.999708 90.2075
0.667389 0.744697 -0.00418975 55.7247 -0.744393 0.667259 0.0253886 -1.14667 0.0217025 -0.0138253 0.999669 90.5399
0.716847 0.697207 -0.00581463 56.0282 -0.696903 0.71674 0.0246757 -1.15664 0.0213717 -0.0136365 0.999679 90.8732
0.762686 0.646765 -0.00252204 56.3239 -0.646579 0.76255 0.02128 -1.17818 0.0156864 -0.0145993 0.99977 91.2627
0.804423 0.594056 0.00108451 56.5776 -0.593992 0.804306 0.0162826 -1.18504 0.00880049 -0.0137423 0.999867 91.6551
0.841769 0.539806 0.00585918 56.8003 -0.539834 0.841671 0.0130488 -1.18727 0.00211235 -0.0141471 0.999898 92.035
0.873774 0.48622 0.0104501 57.0125 -0.486317 0.873716 0.0108037 -1.18088 -0.00387748 -0.0145221 0.999887 92.4638
0.900248 0.435081 0.016047 57.1997 -0.435261 0.900248 0.010091 -1.18394 -0.0100559 -0.0160691 0.99982 92.8987
0.921522 0.387817 0.0198993 57.366 -0.388076 0.921559 0.0112362 -1.18692 -0.0139807 -0.0180768 0.999739 93.3192
0.93777 0.346509 0.0227903 57.5012 -0.346894 0.937771 0.0158273 -1.18122 -0.0158878 -0.0227482 0.999615 93.7778
0.950074 0.311118 0.0237923 57.6236 -0.311614 0.949974 0.021104 -1.18475 -0.0160362 -0.0274643 0.999494 94.2352
0.959542 0.280668 0.0224798 57.7441 -0.281185 0.959338 0.0245907 -1.16036 -0.0146639 -0.0299167 0.999445 94.7005
0.965927 0.25798 0.0207793 57.8744 -0.258408 0.965796 0.021527 -1.15723 -0.0145151 -0.026163 0.999552 95.1837
0.969926 0.242563 0.0201479 57.9992 -0.242917 0.969889 0.017508 -1.15387 -0.0152944 -0.0218758 0.999644 95.6709
0.972947 0.230164 0.0199676 58.1005 -0.23053 0.972889 0.018506 -1.15325 -0.0151668 -0.0226085 0.999629 96.1754
0.975075 0.220886 0.0209375 58.1871 -0.221353 0.974911 0.0234804 -1.13054 -0.0152257 -0.0275297 0.999505 96.6758
0.976533 0.214308 0.0213437 58.2795 -0.214885 0.97618 0.0299573 -1.11856 -0.0144152 -0.0338408 0.999323 97.1761
0.977137 0.211727 0.0193609 58.3699 -0.21232 0.976504 0.0368883 -1.11643 -0.0110957 -0.0401556 0.999132 97.6937
0.977271 0.211269 0.0175121 58.4831 -0.211809 0.976529 0.0390847 -1.11944 -0.00884368 -0.0419056 0.999082 98.2385
0.976789 0.213735 0.0141514 58.6085 -0.214134 0.976018 0.0391853 -1.11996 -0.00543672 -0.041306 0.999132 98.7998
0.97582 0.21842 0.00826767 58.7333 -0.218576 0.975024 0.0393941 -1.11739 0.000543283 -0.0402487 0.99919 99.3536
0.974805 0.223035 0.00325175 58.8556 -0.222983 0.973994 0.040183 -1.11673 0.00579503 -0.0398957 0.999187 99.9171
0.973801 0.22738 0.00321356 58.9809 -0.227307 0.972881 0.0428352 -1.11661 0.00661347 -0.0424434 0.999077 100.495
0.972517 0.232693 0.00798999 59.1062 -0.232811 0.971422 0.0462355 -1.11072 0.00299701 -0.046825 0.998899 101.081
0.971377 0.237217 0.0124689 59.2518 -0.23754 0.97034 0.0448964 -1.11142 -0.0014489 -0.0465732 0.998914 101.687
0.970318 0.241233 0.0170417 59.4078 -0.241741 0.969489 0.040642 -1.11545 -0.00671756 -0.0435553 0.999028 102.303
0.969384 0.244597 0.0216223 59.5675 -0.24525 0.968793 0.0359472 -1.11161 -0.012155 -0.0401495 0.99912 102.936
0.968544 0.247815 0.0225916 59.7313 -0.248443 0.968138 0.0313694 -1.1125 -0.014098 -0.0359954 0.999253 103.568
0.968318 0.249015 0.0187622 59.8908 -0.249468 0.967983 0.027841 -1.10401 -0.0112287 -0.0316396 0.999436 104.214
0.968489 0.24876 0.0121133 60.0604 -0.249002 0.968138 0.026582 -1.10657 -0.00511484 -0.0287606 0.999573 104.86
0.968725 0.248084 0.00505372 60.2251 -0.248122 0.968263 0.0300422 -1.10363 0.00255967 -0.0303566 0.999536 105.523
0.969251 0.246071 0.00122782 60.3878 -0.245972 0.968692 0.0336697 -1.09809 0.00709578 -0.0329364 0.999432 106.211
0.969956 0.24325 0.00382801 60.5562 -0.243234 0.96935 0.0346185 -1.08464 0.00471026 -0.0345095 0.999393 106.905
0.970277 0.241778 0.0102692 60.7359 -0.241985 0.969759 0.03178 -1.08306 -0.00227497 -0.0333204 0.999442 107.607
0.970758 0.2395 0.0163633 60.9102 -0.239885 0.970393 0.0281704 -1.08381 -0.00913201 -0.0312719 0.999469 108.318
0.971298 0.237215 0.0175876 61.0801 -0.237647 0.970918 0.0290233 -1.08907 -0.0101914 -0.0323699 0.999424 109.042
0.971809 0.235291 0.0150521 61.2436 -0.23569 0.97117 0.0357727 -1.08568 -0.00620115 -0.0383118 0.999247 109.775
0.97268 0.231919 0.0103746 61.4107 -0.23215 0.971834 0.0405693 -1.09135 -0.000673588 -0.0418694 0.999123 110.51
0.973641 0.227974 0.00711144 61.5832 -0.228067 0.972697 0.0429583 -1.08365 0.00287612 -0.0434479 0.999052 111.273
0.974494 0.224304 0.00698207 61.7662 -0.2244 0.973635 0.040973 -1.0804 0.00239244 -0.0414948 0.999136 112.051
0.975283 0.220831 0.00755047 61.9445 -0.220958 0.974586 0.0368737 -1.08783 0.000784254 -0.0376306 0.999291 112.842
0.975769 0.218583 0.00981199 62.1266 -0.218791 0.975205 0.0332645 -1.08887 -0.00229766 -0.0346052 0.999398 113.643
0.975969 0.217583 0.0119236 62.3039 -0.217848 0.97553 0.0297294 -1.086 -0.00516323 -0.0316125 0.999487 114.438
0.976144 0.216714 0.0133191 62.4846 -0.216998 0.975825 0.026016 -1.08464 -0.00735911 -0.0282856 0.999573 115.237
0.976138 0.216682 0.0142475 62.6584 -0.21698 0.975868 0.0245416 -1.07882 -0.00858598 -0.0270474 0.999597 116.047
0.976069 0.217011 0.0139993 62.8255 -0.217333 0.975683 0.028431 -1.07532 -0.00748903 -0.0307931 0.999498 116.86
0.975943 0.217628 0.0131702 62.9869 -0.217957 0.975375 0.0337545 -1.07489 -0.00549995 -0.035813 0.999343 117.676
0.975751 0.218519 0.0126192 63.1526 -0.218861 0.974842 0.042212 -1.07653 -0.00307764 -0.0439502 0.999029 118.505
0.975167 0.220992 0.0145586 63.3231 -0.221452 0.97384 0.0509477 -1.07383 -0.00291873 -0.0529066 0.998595 119.345
0.974454 0.223984 0.0164504 63.499 -0.224555 0.97294 0.0544381 -1.07243 -0.00381197 -0.0567414 0.998382 120.192
0.973782 0.226859 0.0168373 63.681 -0.227453 0.97218 0.0559575 -1.07902 -0.00367441 -0.0583201 0.998291 121.031
0.973259 0.229154 0.015955 63.8667 -0.229696 0.971594 0.0569596 -1.08235 -0.00244927 -0.0591013 0.998249 121.867
0.972879 0.230824 0.0150508 64.0746 -0.231302 0.97142 0.05332 -1.08381 -0.00231316 -0.0553552 0.998464 122.717
0.972895 0.230866 0.0132444 64.2861 -0.231237 0.971753 0.0471835 -1.08834 -0.0019772 -0.0489672 0.998798 123.547
0.97269 0.23178 0.0123254 64.4934 -0.232098 0.971764 0.0424966 -1.09575 -0.0021275 -0.0441967 0.999021 124.393
0.972238 0.233543 0.0145086 64.6921 -0.233959 0.971286 0.0431965 -1.09411 -0.00400376 -0.0453917 0.998961 125.243
0.971815 0.234857 0.0204434 64.8801 -0.235567 0.970793 0.0454839 -1.07951 -0.00916408 -0.0490177 0.998756 126.104
0.971403 0.236027 0.0258366 65.0703 -0.237044 0.970293 0.0483813 -1.06153 -0.0136497 -0.0531222 0.998495 126.937
0.97123 0.237101 0.0222733 65.2663 -0.237924 0.970102 0.0478986 -1.07174 -0.0102505 -0.0518199 0.998604 127.752
0.971285 0.237735 0.0093657 65.4611 -0.237914 0.970233 0.0452235 -1.08676 0.00166432 -0.0461532 0.998933 128.558
0.971367 0.237566 -0.00303402 65.6604 -0.237221 0.970505 0.0429753 -1.11115 0.013154 -0.041025 0.999072 129.37
0.97159 0.236649 -0.00315977 65.8617 -0.236331 0.970826 0.0405496 -1.11409 0.0126636 -0.0386509 0.999173 130.212
0.971999 0.234826 0.00864857 66.071 -0.234986 0.971349 0.0355401 -1.09563 -5.50297e-05 -0.0365772 0.999331 131.074
0.971959 0.233725 0.025842 66.2822 -0.234381 0.971792 0.0261835 -1.0588 -0.0189933 -0.0315062 0.999323 131.915
0.97187 0.233202 0.0329615 66.4672 -0.23409 0.97186 0.0262517 -1.07071 -0.0259121 -0.0332292 0.999112 132.725
0.97237 0.231871 0.0270762 66.6299 -0.232737 0.971908 0.0350365 -1.0847 -0.0181916 -0.04037 0.999019 133.504
0.972877 0.230933 0.0134446 66.812 -0.231298 0.971999 0.0414652 -1.0815 -0.00349247 -0.0434502 0.999049 134.288
0.973444 0.228878 0.00462247 67.0036 -0.228869 0.972558 0.0418335 -1.08415 0.00507915 -0.0417805 0.999114 135.118
0.974161 0.225822 0.00371296 67.198 -0.225785 0.973338 0.0404276 -1.0894 0.00551548 -0.0402213 0.999176 135.951
0.975002 0.222118 0.0058708 67.3783 -0.222171 0.974164 0.0405415 -1.10003 0.00328587 -0.0408324 0.999161 136.764
0.976007 0.217637 0.00672808 67.5557 -0.217728 0.975145 0.0410798 -1.10837 0.00237962 -0.041559 0.999133 137.555
0.976757 0.214216 0.0075153 67.7258 -0.214341 0.97583 0.0425938 -1.11955 0.00179064 -0.0432147 0.999064 138.357
0.977285 0.21178 0.00797054 67.8823 -0.21192 0.97618 0.0464953 -1.12727 0.00206609 -0.0471283 0.998887 139.166
0.977529 0.210582 0.00955949 68.0526 -0.210797 0.976288 0.0492664 -1.12724 0.00104183 -0.0501745 0.99874 139.976
0.9778 0.209134 0.013049 68.2231 -0.20953 0.976488 0.0506869 -1.12151 -0.00214184 -0.0522958 0.998629 140.772
0.978064 0.207727 0.015518 68.3949 -0.208257 0.97674 0.0510655 -1.12144 -0.00454935 -0.053177 0.998575 141.566
0.978645 0.205143 0.0130614 68.5543 -0.205541 0.97741 0.0492195 -1.13685 -0.00266934 -0.0508531 0.998703 142.36
0.979481 0.201315 0.00947137 68.7107 -0.201538 0.978392 0.0461605 -1.15866 2.60719e-05 -0.0471222 0.998889 143.142
0.980778 0.195008 0.00681962 68.8738 -0.195119 0.979805 0.0437107 -1.16869 0.00184205 -0.0442012 0.999021 143.929
0.982077 0.188292 0.00847706 69.0305 -0.188482 0.981174 0.0420889 -1.16081 -0.000392473 -0.0429323 0.999078 144.729
0.983182 0.182042 0.0146435 69.1721 -0.182492 0.982392 0.0400318 -1.15446 -0.00709817 -0.0420309 0.999091 145.521
0.983838 0.1776 0.0228311 69.3183 -0.178386 0.983192 0.0388811 -1.1515 -0.0155421 -0.0423255 0.998983 146.332
0.98442 0.173429 0.0289731 69.4487 -0.174471 0.983912 0.0384251 -1.15462 -0.0218429 -0.0428814 0.998841 147.122
0.985157 0.169212 0.0288603 69.5706 -0.170277 0.9846 0.0396061 -1.15319 -0.021714 -0.0439325 0.998798 147.905
0.986356 0.163178 0.0218009 69.6862 -0.163952 0.985641 0.0403881 -1.15949 -0.0148974 -0.0434114 0.998946 148.682
0.987606 0.15641 0.0130772 69.8112 -0.156825 0.986754 0.0415093 -1.14708 -0.0064115 -0.0430456 0.999053 149.469
0.988724 0.14945 0.00950511 69.9337 -0.149718 0.987862 0.0414025 -1.13546 -0.00320213 -0.0423587 0.999097 150.286
0.989808 0.141968 0.0111636 70.0435 -0.142319 0.988901 0.0426588 -1.11405 -0.00498347 -0.0438128 0.999027 151.105
0.990873 0.134236 0.012275 70.1375 -0.134665 0.989817 0.046124 -1.10665 -0.00595847 -0.047356 0.99886 151.922
0.992118 0.124929 0.0097061 70.2224 -0.125259 0.990889 0.0494917 -1.11365 -0.0034347 -0.0503174 0.998727 152.726
0.993236 0.115952 0.00603176 70.31 -0.116109 0.991962 0.0502937 -1.11554 -0.000151605 -0.0506539 0.998716 153.536
0.994188 0.107484 0.00614903 70.401 -0.107658 0.992906 0.0504656 -1.12392 -0.000681154 -0.0508343 0.998707 154.37
0.994973 0.0995553 0.0108191 70.4718 -0.0999813 0.993675 0.0511181 -1.11459 -0.00566162 -0.0519429 0.998634 155.201
0.995683 0.0911658 0.0174414 70.5324 -0.0919763 0.994332 0.0533278 -1.10985 -0.0124809 -0.0547018 0.998425 156.051
0.996314 0.0830707 0.0214126 70.5969 -0.0841227 0.994986 0.0541027 -1.10103 -0.0168109 -0.0557045 0.998306 156.882
0.996784 0.0766114 0.0235006 70.6601 -0.0777879 0.995502 0.0540787 -1.10015 -0.0192518 -0.0557329 0.99826 157.71
0.997117 0.0724689 0.0225066 70.7221 -0.0735977 0.995814 0.0542083 -1.09583 -0.018484 -0.0557085 0.998276 158.531
0.997506 0.068132 0.0184227 70.76 -0.0690875 0.995953 0.0574791 -1.09545 -0.014432 -0.0586085 0.998177 159.355
0.997852 0.0641903 0.0130928 70.7962 -0.0648956 0.995872 0.0634607 -1.08928 -0.00896523 -0.0641741 0.997898 160.171
0.998089 0.0611982 0.00856579 70.8402 -0.0616352 0.995855 0.0668837 -1.076 -0.00443713 -0.0672838 0.997724 160.987
0.998248 0.0582224 0.0105188 70.875 -0.0588034 0.995967 0.0677636 -1.07096 -0.00653103 -0.0682635 0.997646 161.826
0.998296 0.0555114 0.0179722 70.9102 -0.0566318 0.995981 0.0693857 -1.06224 -0.0140483 -0.0702853 0.997428 162.668
0.998244 0.0523487 0.0277259 70.9448 -0.0542263 0.995932 0.071966 -1.05999 -0.0238458 -0.0733431 0.997022 163.502
0.998391 0.0475478 0.0308844 70.9861 -0.0496511 0.996215 0.0713454 -1.06568 -0.0273752 -0.072764 0.996973 164.309
0.998789 0.0425669 0.0246716 71.0287 -0.044091 0.996915 0.0649332 -1.07285 -0.0218315 -0.0659424 0.997585 165.1
0.999213 0.0364564 0.0156525 71.0647 -0.0373144 0.997586 0.0585641 -1.06764 -0.0134797 -0.0591021 0.998161 165.92
0.99949 0.0294872 0.012278 71.0887 -0.0301609 0.997809 0.0588833 -1.03545 -0.0105148 -0.0592236 0.998189 166.746
0.999645 0.0218587 0.0152037 71.0987 -0.0226881 0.998133 0.0567045 -1.00826 -0.0139358 -0.0570293 0.998275 167.571
0.999689 0.0146438 0.0201734 71.1102 -0.0156626 0.99856 0.0513063 -1.00613 -0.019393 -0.0516063 0.998479 168.414
0.999658 0.00789295 0.0249293 71.1262 -0.00901732 0.998932 0.0453165 -0.998875 -0.024545 -0.0455258 0.998662 169.253
0.999658 0.00237054 0.026054 71.144 -0.00335473 0.99928 0.0377962 -0.992588 -0.0259456 -0.0378707 0.998946 170.089
0.999747 -0.00399539 0.022121 71.1383 0.00323144 0.999401 0.0344636 -0.982625 -0.0222454 -0.0343834 0.999161 170.926
0.999863 -0.0109471 0.0124498 71.1325 0.010589 0.999538 0.0284799 -0.972914 -0.0127558 -0.0283442 0.999517 171.747
0.999829 -0.017575 0.00574115 71.1453 0.0174394 0.999586 0.0228724 -0.959119 -0.00614076 -0.0227684 0.999722 172.581
0.999674 -0.0241576 0.00823886 71.1258 0.0239657 0.999456 0.0226396 -0.934312 -0.0087813 -0.0224348 0.99971 173.43
0.999419 -0.0294876 0.0170893 71.0796 0.0289891 0.999167 0.0287218 -0.905837 -0.017922 -0.0282097 0.999441 174.284
0.999028 -0.0343076 0.0276842 71.0297 0.0333712 0.998878 0.0336061 -0.89442 -0.0288061 -0.0326495 0.999052 175.139
0.998769 -0.0381877 0.0316587 70.991 0.0371015 0.998726 0.0342149 -0.890815 -0.0329249 -0.0329982 0.998913 175.979
0.998871 -0.0401155 0.0254493 70.9572 0.0392261 0.998633 0.0345358 -0.9032 -0.0267999 -0.0334985 0.999079 176.81
0.999008 -0.0427871 0.0123515 70.8958 0.0422442 0.998254 0.0412947 -0.881118 -0.0140968 -0.0407319 0.999071 177.637
0.998995 -0.0444749 0.00551101 70.8417 0.0441815 0.998002 0.0451608 -0.856614 -0.00750853 -0.044872 0.998965 178.487
0.998902 -0.0463422 0.00685733 70.8046 0.0460043 0.998008 0.043176 -0.844718 -0.00884454 -0.0428131 0.999044 179.349
0.998783 -0.0469294 0.0151551 70.7674 0.0463232 0.998198 0.0381406 -0.830872 -0.0169177 -0.0373921 0.999157 180.211
0.998624 -0.0470704 0.023101 70.7326 0.0462375 0.998305 0.0353556 -0.815465 -0.0247261 -0.0342388 0.999108 181.071
0.998471 -0.0491663 0.0252741 70.6749 0.0482474 0.998195 0.0357652 -0.816722 -0.0269869 -0.0344911 0.999041 181.903
0.998518 -0.0509749 0.0190721 70.6297 0.0502867 0.998122 0.0349743 -0.812783 -0.0208191 -0.0339634 0.999206 182.738
0.998592 -0.0523699 0.00845971 70.5998 0.052092 0.998183 0.0302715 -0.810087 -0.0100297 -0.0297882 0.999506 183.569
0.99852 -0.0543654 0.00145645 70.5655 0.0543225 0.998299 0.0211776 -0.801322 -0.0026053 -0.0210671 0.999775 184.406
0.998462 -0.0553981 0.00231832 70.5112 0.0553483 0.998309 0.0177781 -0.79013 -0.00329928 -0.0176225 0.999839 185.266
0.998357 -0.0563692 0.0103203 70.4577 0.0561678 0.998243 0.0188634 -0.775641 -0.0113655 -0.0182527 0.999769 186.129
0.998175 -0.057686 0.0178344 70.4032 0.0573066 0.998134 0.021097 -0.768411 -0.0190181 -0.0200365 0.999618 186.99
0.998087 -0.0591314 0.0180539 70.3435 0.0586491 0.997936 0.0261682 -0.76431 -0.019564 -0.0250593 0.999495 187.84
0.998184 -0.0588164 0.0130418 70.2829 0.0583924 0.997818 0.0308078 -0.767347 -0.0148253 -0.0299903 0.99944 188.671
0.998212 -0.0589826 0.00968775 70.2209 0.0586318 0.997728 0.0331927 -0.756508 -0.0116235 -0.0325653 0.999402 189.519
0.998193 -0.0592328 0.0101302 70.1686 0.0588472 0.997658 0.0348736 -0.740777 -0.0121721 -0.0342144 0.99934 190.358
0.998116 -0.0600863 0.0124324 70.1044 0.0595837 0.99752 0.0374668 -0.72835 -0.0146528 -0.0366554 0.999221 191.185
0.998055 -0.0604544 0.015192 70.0453 0.059808 0.997412 0.0399083 -0.727578 -0.0175653 -0.0389221 0.999088 192.017
0.998006 -0.0610507 0.0160474 69.9846 0.0603158 0.997259 0.0428626 -0.720839 -0.0186202 -0.0418092 0.998952 192.851
0.998007 -0.0614196 0.0145034 69.9263 0.0607507 0.997236 0.0427688 -0.729306 -0.0170902 -0.0418024 0.99898 193.682
0.997997 -0.0624439 0.010171 69.8657 0.0619236 0.997054 0.0452643 -0.726831 -0.0129675 -0.0445438 0.998923 194.485
0.997934 -0.0636423 0.00885341 69.8145 0.0631619 0.996907 0.0467646 -0.72042 -0.0118022 -0.0461088 0.998867 195.291
