1 0 0 0 0 1 0 0 0 0 1 0
0.999794 -0.019516 0.00565087 0.326167 0.0195125 0.999809 0.000686933 -0.18105 -0.0056632 -0.000576529 0.999984 1.18201
0.999174 -0.0390276 0.0112871 0.629084 0.0390133 0.999238 0.00148399 -0.355591 -0.0113364 -0.00104241 0.999935 2.37116
0.998143 -0.0585265 0.0169063 0.908619 0.0584944 0.998285 0.00239083 -0.523569 -0.0170172 -0.00139747 0.999854 3.56697
0.996699 -0.0780049 0.0225062 1.16465 0.0779478 0.996952 0.00340709 -0.684934 -0.0227033 -0.00164154 0.999741 4.76893
0.99648 -0.0827987 0.0131247 1.09383 0.0826903 0.996538 0.00859857 -0.680682 -0.0137912 -0.00748301 0.999877 5.60908
0.996154 -0.0875355 0.00371742 1.01893 0.087477 0.996072 0.0137449 -0.683915 -0.00490598 -0.0133668 0.999899 6.44888
0.995678 -0.0920535 0.0122768 0.917944 0.0918143 0.995599 0.0187964 -0.698973 -0.0139531 -0.017588 0.999748 7.28819
0.995105 -0.0966055 0.0208122 0.813209 0.096104 0.995085 0.0238845 -0.706272 -0.0230172 -0.0217675 0.999498 8.12713
0.994688 -0.100826 0.0207502 0.740882 0.100396 0.99473 0.0208202 -0.730697 -0.0227401 -0.0186264 0.999568 8.95524
0.994252 -0.105045 0.0207013 0.665122 0.104685 0.994347 0.0177555 -0.755328 -0.0224494 -0.0154863 0.999628 9.78303
0.994267 -0.105052 0.0199168 0.57385 0.104725 0.994359 0.0168158 -0.737105 -0.021571 -0.0146336 0.99966 10.6265
0.994282 -0.105059 0.0191323 0.482544 0.104763 0.99437 0.015876 -0.719629 -0.0206925 -0.0137809 0.999691 11.47
0.993786 -0.109488 0.0200695 0.392741 0.109154 0.993879 0.0170292 -0.705693 -0.0218111 -0.0147327 0.999654 12.3344
0.993742 -0.109962 0.0196355 0.294257 0.109646 0.993834 0.0165001 -0.711707 -0.0213288 -0.0142439 0.999671 13.1853
0.993711 -0.110854 0.0157833 0.19323 0.110596 0.99373 0.0164064 -0.687988 -0.017503 -0.0145577 0.999741 14.0393
0.993599 -0.111962 0.0150418 0.0838275 0.1117 0.993592 0.0172343 -0.695332 -0.016875 -0.0154438 0.999738 14.9023
0.993484 -0.113069 0.0142995 -0.0265522 0.112805 0.993453 0.0180613 -0.703212 -0.016248 -0.0163306 0.999735 15.7653
0.993187 -0.115571 0.0149531 -0.113153 0.115221 0.993085 0.0225002 -0.700299 -0.01745 -0.020624 0.999635 16.6443
0.993091 -0.116412 0.0147991 -0.235476 0.116045 0.992963 0.0236143 -0.695532 -0.0174439 -0.0217338 0.999612 17.5557
0.992994 -0.117252 0.0146441 -0.358568 0.116869 0.992839 0.0247282 -0.690752 -0.0174387 -0.0228435 0.999587 18.467
0.992772 -0.118964 0.0158255 -0.454445 0.118517 0.992594 0.0266632 -0.675592 -0.0188803 -0.0245949 0.999519 19.3702
0.992521 -0.121174 0.0148123 -0.568303 0.120747 0.992318 0.0269372 -0.681744 -0.0179626 -0.0249472 0.999527 20.2694
0.992263 -0.123382 0.0137984 -0.684185 0.122976 0.992037 0.0272088 -0.688726 -0.0170456 -0.0253015 0.999535 21.1685
0.992 -0.12559 0.012784 -0.802093 0.125205 0.99175 0.0274782 -0.696537 -0.0161295 -0.0256578 0.999541 22.0672
0.99173 -0.127797 0.0117689 -0.922024 0.127433 0.991459 0.0277454 -0.705176 -0.0152141 -0.0260162 0.999546 22.9657
0.991455 -0.130003 0.0107532 -1.04398 0.129661 0.991163 0.0280102 -0.714642 -0.0142996 -0.0263766 0.99955 23.8639
0.991174 -0.132208 0.0097369 -1.16796 0.131889 0.990861 0.0282727 -0.724936 -0.0133858 -0.026739 0.999553 24.7618
0.990887 -0.134412 0.00872003 -1.29396 0.134116 0.990555 0.028533 -0.736055 -0.0124728 -0.0271035 0.999555 25.6594
0.991436 -0.130191 0.0102683 -1.36584 0.129899 0.991204 0.0252984 -0.704401 -0.0134717 -0.0237479 0.999627 26.5292
0.991965 -0.125963 0.0118028 -1.43409 0.125683 0.991825 0.0220569 -0.671723 -0.0144847 -0.0203963 0.999687 27.3993
0.992474 -0.121728 0.0133235 -1.4987 0.121469 0.992417 0.0188087 -0.638011 -0.015512 -0.0170488 0.999734 28.2696
0.992964 -0.117486 0.0148302 -1.55969 0.117255 0.99298 0.0155539 -0.603252 -0.0165535 -0.0137056 0.999769 29.1402
0.993434 -0.113236 0.016323 -1.61704 0.113043 0.993514 0.0122926 -0.567434 -0.0176091 -0.0103667 0.999791 30.0109
0.993291 -0.114114 0.0187575 -1.7726 0.113901 0.993419 0.0120642 -0.610157 -0.0200108 -0.00984678 0.999751 30.9067
0.993141 -0.11499 0.0211922 -1.92892 0.114759 0.993323 0.0118379 -0.650728 -0.0224119 -0.00932475 0.999705 31.8025
0.993106 -0.116014 0.0167839 -2.03919 0.115911 0.993235 0.00695674 -0.609543 -0.0174775 -0.00496333 0.999835 32.6962
0.992933 -0.117949 0.0131456 -2.14955 0.117842 0.992995 0.00864764 -0.610511 -0.0140735 -0.00703742 0.999876 33.5924
0.992743 -0.119876 0.00950384 -2.26168 0.119778 0.992747 0.0103314 -0.614541 -0.0106734 -0.00911811 0.999901 34.4885
0.992538 -0.121795 0.0058587 -2.37559 0.121718 0.992492 0.0120081 -0.62163 -0.00727723 -0.0112053 0.999911 35.3843
0.992316 -0.123706 0.00221026 -2.49127 0.123665 0.99223 0.0136775 -0.631774 -0.00388507 -0.0132991 0.999904 36.2799
0.992466 -0.122252 0.00810102 -2.6129 0.122137 0.992423 0.0133571 -0.606338 -0.00967257 -0.012267 0.999878 37.1862
0.992579 -0.120791 0.013991 -2.73315 0.120612 0.992614 0.0130276 -0.57562 -0.0154613 -0.0112434 0.999817 38.0925
0.992185 -0.123631 0.0168615 -2.83857 0.123474 0.992297 0.0100515 -0.597086 -0.0179743 -0.00789099 0.999807 39.0069
0.991775 -0.12646 0.0197404 -2.94652 0.126343 0.991961 0.00708365 -0.616221 -0.0204775 -0.00453134 0.99978 39.9211
0.991992 -0.124916 0.0186306 -3.06419 0.124738 0.992135 0.0104342 -0.589949 -0.0197875 -0.0080267 0.999772 40.807
0.991983 -0.125356 0.0160139 -3.18503 0.12514 0.992042 0.0138923 -0.605495 -0.017628 -0.011777 0.999775 41.69
0.991967 -0.125787 0.0133956 -3.30634 0.125548 0.991936 0.0173492 -0.622929 -0.0154699 -0.0155281 0.99976 42.5729
0.991945 -0.126207 0.0107758 -3.42813 0.125965 0.991817 0.0208048 -0.642249 -0.0133133 -0.0192799 0.999725 43.4558
0.991918 -0.126618 0.00815446 -3.5504 0.126388 0.991684 0.024259 -0.663454 -0.0111583 -0.0230323 0.999672 44.3385
0.99185 -0.127024 0.00991019 -3.65222 0.126824 0.991748 0.0187262 -0.628994 -0.0122071 -0.0173168 0.999776 45.2146
0.99178 -0.127421 0.0116681 -3.75455 0.127266 0.991781 0.0131937 -0.593554 -0.0132534 -0.0116002 0.999845 46.0906
0.992093 -0.125176 0.0090925 -3.8923 0.125029 0.992036 0.0152561 -0.597427 -0.0109298 -0.0139986 0.999842 46.9334
0.992395 -0.122923 0.00652148 -4.02817 0.122795 0.992281 0.0173242 -0.603213 -0.00860069 -0.0163917 0.999829 47.7764
0.992227 -0.124285 0.00621008 -4.12431 0.124184 0.992151 0.01465 -0.587598 -0.00798211 -0.0137649 0.999873 48.6417
0.992057 -0.125647 0.00590234 -4.22169 0.12557 0.992012 0.0119752 -0.572494 -0.00735985 -0.011139 0.999911 49.5069
0.991781 -0.12762 0.00916552 -4.32018 0.127533 0.991788 0.00956893 -0.579894 -0.0103114 -0.00832138 0.999912 50.3515
0.991491 -0.129583 0.0124334 -4.42032 0.129502 0.991553 0.00716902 -0.584761 -0.0132574 -0.00549787 0.999897 51.1959
0.991639 -0.128738 0.00885211 -4.51631 0.12869 0.991668 0.00575596 -0.610199 -0.00951937 -0.00456865 0.999944 52.0218
0.991774 -0.127896 0.00526951 -4.61158 0.127874 0.991781 0.00434583 -0.638733 -0.00578202 -0.00363625 0.999977 52.8477
0.991136 -0.132399 0.0109145 -4.7198 0.132378 0.991196 0.00257556 -0.629429 -0.0111594 -0.00110789 0.999937 53.6707
0.990616 -0.135752 0.0158255 -4.81932 0.135771 0.99074 -0.000116615 -0.624219 -0.0156631 0.00226416 0.999875 54.4826
0.990501 -0.136303 0.0181336 -4.91592 0.136316 0.990665 0.000564654 -0.624679 -0.0180413 0.0019126 0.999835 55.2341
0.990346 -0.137565 0.0170683 -4.99639 0.137563 0.990492 0.00130857 -0.610256 -0.0170861 0.00105203 0.999853 55.9823
0.990201 -0.13935 0.0091948 -5.09666 0.139325 0.990241 0.00328569 -0.611155 -0.00956293 -0.00197243 0.999952 56.7022
0.98982 -0.142304 0.00253894 -5.20252 0.142289 0.989811 0.00533949 -0.60519 -0.0032729 -0.00492387 0.999983 57.3628
0.989854 -0.142059 0.00283313 -5.307 0.14204 0.989843 0.00601192 -0.617734 -0.0036584 -0.0055485 0.999978 57.9849
0.989649 -0.143468 0.0034408 -5.4149 0.143422 0.989598 0.0112013 -0.627771 -0.00501204 -0.0105919 0.999931 58.6035
0.989314 -0.145738 0.00425682 -5.49207 0.145678 0.989259 0.0120569 -0.641965 -0.00596824 -0.0113079 0.999918 59.2044
0.988973 -0.148008 0.00507087 -5.57063 0.147933 0.988913 0.0129143 -0.655587 -0.00692607 -0.0120218 0.999904 59.8052
0.988905 -0.148487 0.00424467 -5.63 0.148409 0.988815 0.0148184 -0.675382 -0.00639752 -0.014024 0.999881 60.3817
0.988515 -0.150999 0.00618926 -5.72901 0.150887 0.988427 0.0156305 -0.67891 -0.00847783 -0.0145171 0.999859 60.9385
0.98823 -0.152888 0.00508867 -5.82068 0.152822 0.988187 0.0115128 -0.677827 -0.00678873 -0.0105997 0.999921 61.4456
0.988207 -0.153077 0.00390941 -5.92874 0.153001 0.988108 0.0153 -0.723727 -0.00620499 -0.0145214 0.999875 61.9069
0.988055 -0.154083 0.00238558 -6.02051 0.154026 0.987937 0.0160467 -0.746903 -0.00482933 -0.0154876 0.999868 62.3468
0.987896 -0.154965 0.00690503 -6.0961 0.154856 0.987835 0.0141824 -0.70153 -0.00901881 -0.0129415 0.999876 62.662
0.98768 -0.156376 0.00588308 -6.14312 0.156239 0.987534 0.0191043 -0.732284 -0.0087972 -0.0179498 0.9998 62.8645
0.987603 -0.156937 0.00336415 -6.19468 0.156779 0.987223 0.0284922 -0.738329 -0.00779264 -0.0276115 0.999588 62.9242
0.987363 -0.158469 -0.00159535 -6.19994 0.158457 0.987029 0.0257863 -0.727233 -0.00251167 -0.0257132 0.999666 62.791
0.9872 -0.159241 -0.00880791 -6.19511 0.159416 0.986891 0.0251482 -0.740572 0.00468782 -0.0262304 0.999645 62.4571
0.987528 -0.15696 -0.0123361 -6.14183 0.15727 0.987088 0.0303897 -0.729933 0.00740687 -0.0319508 0.999462 61.8525
0.987842 -0.15522 -0.00868476 -6.04848 0.155413 0.987396 0.0299234 -0.711953 0.00393059 -0.0309093 0.999514 60.9034
0.987499 -0.157543 -0.00507025 -5.92123 0.157624 0.98706 0.0294431 -0.704531 0.000366089 -0.0298742 0.999554 59.6377
0.98711 -0.159973 -0.00479422 -5.75157 0.160045 0.98666 0.0297926 -0.708857 -3.57521e-05 -0.0301758 0.999545 58.0544
0.987006 -0.160541 -0.00675747 -5.53025 0.160669 0.986599 0.0284091 -0.695575 0.0021061 -0.0291256 0.999574 56.0885
0.987051 -0.160134 -0.00938162 -5.25227 0.160257 0.986971 0.0143528 -0.674155 0.00696102 -0.0156704 0.999853 53.829
0.987673 -0.156217 -0.00990465 -4.94281 0.156331 0.987632 0.0119628 -0.649736 0.00791336 -0.0133637 0.999879 51.2688
0.98864 -0.150123 -0.00738258 -4.64197 0.150215 0.988553 0.0140572 -0.627325 0.00518776 -0.0150065 0.999874 48.4388
0.989286 -0.145971 -0.00255885 -4.33418 0.145993 0.989196 0.0133373 -0.617833 0.000584343 -0.013568 0.999908 45.3067
0.989885 -0.141833 0.0033414 -3.92146 0.141808 0.98987 0.0068837 -0.627456 -0.00428388 -0.00634023 0.999971 41.8252
0.990808 -0.135012 0.00838725 -3.44686 0.134991 0.990842 0.00301234 -0.594481 -0.00871714 -0.00185245 0.99996 38.0326
0.992004 -0.125565 0.0127245 -2.96365 0.125506 0.992078 0.00534715 -0.636382 -0.0132951 -0.00370739 0.999905 34.0206
0.993178 -0.115609 0.0152664 -2.4899 0.115493 0.993274 0.0082647 -0.614005 -0.0161192 -0.00644515 0.999849 29.7855
0.994661 -0.102374 0.0130251 -1.94109 0.102263 0.994717 0.00893508 -0.593168 -0.013871 -0.00755538 0.999875 25.4338
0.996204 -0.0863082 0.0113538 -1.45032 0.0862686 0.996264 0.0039317 -0.568798 -0.0116507 -0.00293729 0.999928 20.9706
0.99767 -0.0667753 0.0139706 -1.01163 0.0667898 0.997767 -0.000573102 -0.534417 -0.0139011 0.00150486 0.999902 16.3583
0.998728 -0.0476037 0.0166324 -0.623869 0.0475945 0.998866 0.000949034 -0.572308 -0.0166587 -0.000156216 0.999861 11.705
0.999352 -0.0287193 0.0217014 -0.170112 0.0287126 0.999588 0.000619977 -0.603094 -0.0217102 3.52656e-06 0.999764 7.03975
0.999731 -0.012024 0.0198112 0.300124 0.0119813 0.999926 0.00227281 -0.627147 -0.0198371 -0.00203483 0.999801 2.37083
0.999699 0.00647636 0.0236653 0.803845 -0.00659642 0.999966 0.0049986 -0.606574 -0.0236321 -0.0051532 0.999707 -2.17572
0.999355 0.0285109 0.0218498 1.28761 -0.0285733 0.999588 0.00255098 -0.6089 -0.021768 -0.00317365 0.999758 -6.66034
0.9981 0.0562825 0.025061 1.76062 -0.0564752 0.998379 0.0070459 -0.548678 -0.0246238 -0.00844784 0.999661 -10.9215
0.995923 0.0858679 0.0276572 2.16592 -0.0860865 0.996264 0.0068079 -0.553966 -0.0269693 -0.00916105 0.999594 -14.9181
0.992863 0.115999 0.0276948 2.47627 -0.116085 0.993238 0.00151797 -0.605589 -0.0273315 -0.0047221 0.999615 -18.6694
0.988323 0.149015 0.0318236 2.65756 -0.149006 0.988833 -0.00265394 -0.651996 -0.0318637 -0.00211896 0.99949 -22.1462
0.98282 0.181391 0.0340943 2.76015 -0.181493 0.983392 -9.81463e-05 -0.71811 -0.0335459 -0.00609143 0.999419 -25.3456
0.975946 0.213895 0.0421594 2.83003 -0.213683 0.976857 -0.00953582 -0.746132 -0.0432234 0.000297698 0.999065 -28.2783
0.967567 0.247906 0.0485414 2.84658 -0.247467 0.968781 -0.0149471 -0.820383 -0.0507314 0.00244989 0.998709 -30.9875
0.959868 0.275436 0.0528116 2.81544 -0.274672 0.961301 -0.0213656 -0.912999 -0.0566526 0.00600233 0.998376 -33.3848
0.948627 0.311494 0.0554831 2.71104 -0.310177 0.950168 -0.0311752 -0.978537 -0.0624291 0.012364 0.997973 -35.5155
0.934855 0.349303 0.0635066 2.56271 -0.347917 0.936976 -0.0320822 -1.05889 -0.0707106 0.00789724 0.997466 -37.3625
0.918106 0.389428 0.0736645 2.31976 -0.387616 0.921035 -0.0380635 -1.17199 -0.0826706 0.00639279 0.996556 -38.8407
0.899319 0.430535 0.0765808 2.01653 -0.428773 0.902571 -0.0389804 -1.21495 -0.085902 0.00222004 0.996301 -40.0247
0.87401 0.479299 0.0798655 1.73002 -0.477268 0.877652 -0.0440704 -1.28836 -0.091217 0.000400732 0.995831 -40.8471
0.836315 0.541992 0.0826003 1.41837 -0.540528 0.840321 -0.0411063 -1.31323 -0.0916901 -0.01027 0.995735 -41.1976
0.789583 0.608189 0.0816444 1.29199 -0.607517 0.793504 -0.0357065 -1.34974 -0.0865014 -0.0214071 0.996022 -41.1766
0.734887 0.67403 0.0749931 1.38383 -0.672968 0.738453 -0.0424551 -1.29755 -0.0839948 -0.0192682 0.99628 -40.8023
0.673405 0.736474 0.064273 1.62512 -0.734663 0.676366 -0.0529025 -1.24866 -0.0824334 -0.0115942 0.996529 -40.1998
0.602904 0.795948 0.0545306 2.04146 -0.793731 0.605322 -0.0597957 -1.16369 -0.0806028 -0.00723157 0.99672 -39.3546
0.524002 0.850372 0.0478497 2.57494 -0.848571 0.526066 -0.0564071 -1.12399 -0.0731391 -0.0110464 0.997261 -38.2806
0.433774 0.899831 0.0462936 3.26852 -0.898751 0.435755 -0.0486308 -1.07973 -0.0639322 -0.0205117 0.997743 -37.0317
0.334244 0.941201 0.0492145 4.1048 -0.941066 0.336151 -0.0373711 -0.992842 -0.0517172 -0.033823 0.998089 -35.719
0.224435 0.973119 0.0516553 5.15502 -0.973712 0.226057 -0.0279907 -0.907494 -0.0389153 -0.0440153 0.998273 -34.3737
0.107484 0.99307 0.0475261 6.33788 -0.993766 0.108738 -0.0246201 -0.785197 -0.0296174 -0.0445835 0.998567 -33.0025
-0.0163384 0.999081 0.0396159 7.66726 -0.999648 -0.0154933 -0.0215445 -0.719755 -0.0209109 -0.039954 0.998983 -31.5526
-0.140527 0.989679 0.0280744 9.09625 -0.990047 -0.140244 -0.0118014 -0.677841 -0.0077423 -0.0294534 0.999536 -30.1171
-0.267809 0.96329 0.0187493 10.615 -0.963471 -0.267781 -0.00405547 -0.635149 0.0011141 -0.0191505 0.999816 -28.6849
-0.394054 0.91902 0.0110968 12.2264 -0.919087 -0.394013 -0.00580474 -0.602798 -0.000962393 -0.0124863 0.999922 -27.3039
-0.519133 0.854627 0.0106673 13.9504 -0.854692 -0.519073 -0.008019 -0.564195 -0.00131612 -0.0132802 0.999911 -26.0286
-0.637339 0.770529 0.00913204 15.7098 -0.770582 -0.637271 -0.00940639 -0.564865 -0.00142832 -0.013032 0.999914 -24.9213
-0.744051 0.668123 -0.000170489 17.4758 -0.668114 -0.744043 -0.00492476 -0.58491 -0.00341719 -0.00355037 0.999988 -24.0354
-0.83567 0.549181 -0.00753292 19.1202 -0.549225 -0.835651 0.00628557 -0.635395 -0.00284298 0.00938993 0.999952 -23.3056
-0.907417 0.42006 -0.0119925 20.6581 -0.420216 -0.907261 0.0172361 -0.658136 -0.00364013 0.0206797 0.99978 -22.7614
-0.958042 0.286523 -0.00775051 22.0392 -0.286619 -0.957872 0.0182097 -0.685769 -0.00220651 0.0196671 0.999804 -22.3802
-0.987303 0.158664 -0.00768937 23.2284 -0.158802 -0.987038 0.0231864 -0.716905 -0.00391087 0.024113 0.999702 -22.1337
-0.999233 0.0384669 -0.00739066 24.2411 -0.0386518 -0.998895 0.0267481 -0.76201 -0.00635357 0.0270132 0.999615 -22.0113
-0.997279 -0.0735328 -0.00526845 25.0385 0.0733322 -0.996812 0.0314487 -0.80353 -0.00756416 0.0309767 0.999491 -21.8895
-0.985267 -0.170918 -0.00597335 25.5772 0.170561 -0.984575 0.0390079 -0.795403 -0.0125484 0.0374144 0.999221 -21.7579
-0.966854 -0.255285 -0.00478176 25.9149 0.254896 -0.966132 0.0402043 -0.786114 -0.0148834 0.0376529 0.99918 -21.6596
-0.944639 -0.328107 -0.00145299 26.0093 0.327765 -0.943841 0.0416429 -0.785535 -0.0150347 0.0388613 0.999132 -21.5706
-0.920275 -0.391267 -0.00225121 25.8902 0.390791 -0.919411 0.0443387 -0.824964 -0.019418 0.039924 0.999014 -21.5099
-0.897589 -0.44083 0.00158016 25.4765 0.440462 -0.896682 0.0442216 -0.834624 -0.0180773 0.0403889 0.99902 -21.4403
-0.874676 -0.484701 0.00251499 24.8771 0.484349 -0.873818 0.0429827 -0.852799 -0.0186361 0.0388141 0.999073 -21.3592
-0.852592 -0.522574 -0.00148106 24.1653 0.522082 -0.851905 0.0410841 -0.842182 -0.0227312 0.0342548 0.999155 -21.2001
-0.83105 -0.556177 0.00468884 23.358 0.555947 -0.830394 0.037009 -0.819522 -0.01669 0.0333631 0.999304 -21.0098
-0.811732 -0.583954 0.00941999 22.4151 0.583799 -0.810852 0.0411999 -0.756129 -0.0164206 0.0389427 0.999107 -20.7457
-0.793085 -0.608964 0.013377 21.3195 0.608881 -0.791993 0.044842 -0.728957 -0.0167126 0.0437085 0.998905 -20.4697
-0.775105 -0.631636 0.0157408 20.1032 0.63167 -0.774101 0.0419627 -0.708366 -0.0143202 0.0424685 0.998995 -20.189
-0.757286 -0.652894 0.0157193 18.7235 0.652954 -0.75644 0.0380767 -0.66185 -0.0129694 0.0390989 0.999151 -19.8384
-0.740172 -0.672288 0.0131603 17.163 0.672308 -0.739558 0.0325019 -0.619903 -0.0121178 0.0329048 0.999385 -19.4116
-0.719466 -0.694384 0.0141703 15.4395 0.694437 -0.71889 0.0308892 -0.568837 -0.0112621 0.0320641 0.999422 -18.8633
-0.699679 -0.714203 0.0190869 13.6247 0.714427 -0.69915 0.0279928 -0.572148 -0.00664796 0.0332222 0.999426 -18.2089
-0.679225 -0.733599 0.0220623 11.7262 0.733925 -0.678796 0.0242794 -0.574487 -0.00283557 0.0326832 0.999462 -17.3627
-0.65784 -0.752903 0.0195928 9.71091 0.753153 -0.657522 0.0206308 -0.525933 -0.00265029 0.0283282 0.999595 -16.3456
-0.638654 -0.769313 0.0166951 7.69585 0.76949 -0.638435 0.0168842 -0.510089 -0.00233049 0.0236299 0.999718 -15.1812
-0.617466 -0.786568 0.00686167 5.68293 0.78657 -0.617347 0.0137786 -0.480571 -0.0066018 0.013905 0.999882 -13.8916
-0.593154 -0.805048 0.0081443 3.65101 0.805053 -0.593002 0.0154597 -0.481533 -0.0076162 0.0157266 0.999847 -12.4809
-0.566647 -0.823883 0.0113547 1.6609 0.823919 -0.566427 0.0178261 -0.432758 -0.00825504 0.0194565 0.999777 -10.9386
-0.537031 -0.843525 0.00795264 -0.261508 0.843528 -0.536901 0.0140368 -0.427673 -0.00757057 0.0142465 0.99987 -9.19788
-0.505328 -0.862927 0.000706328 -2.148 0.862895 -0.505302 0.00909858 -0.441425 -0.0074945 0.00520726 0.999958 -7.35134
-0.473282 -0.880879 -0.00746887 -3.96453 0.880874 -0.473323 0.00511476 -0.445921 -0.00804067 -0.00415841 0.999959 -5.40103
-0.438453 -0.898689 -0.010822 -5.63885 0.8987 -0.438527 0.00570757 -0.455758 -0.00987508 -0.00722325 0.999925 -3.37482
-0.404146 -0.914631 -0.0107549 -7.12553 0.914672 -0.404191 0.00230763 -0.473642 -0.00645765 -0.00890455 0.99994 -1.27751
-0.370902 -0.928604 -0.0112009 -8.40338 0.928652 -0.370946 0.00209304 -0.504269 -0.00609855 -0.00962544 0.999935 0.803163
-0.338873 -0.94075 -0.0123846 -9.4854 0.940814 -0.338919 0.00167692 -0.542752 -0.00577495 -0.0110834 0.999922 2.82081
-0.302547 -0.953046 -0.0129487 -10.3373 0.95312 -0.30259 0.00146222 -0.562508 -0.00531172 -0.0118993 0.999915 4.84701
-0.262061 -0.964983 -0.0114714 -11.0431 0.965035 -0.262106 0.00264178 -0.579393 -0.005556 -0.010378 0.999931 6.8154
-0.219601 -0.975563 -0.00722027 -11.5162 0.975589 -0.219603 -0.000494093 -0.577811 -0.00110358 -0.00715252 0.999974 8.70016
-0.167635 -0.985828 -0.00653102 -11.8073 0.985847 -0.167644 0.000856251 -0.571466 -0.001939 -0.00629505 0.999978 10.5262
-0.113496 -0.993528 -0.00458888 -11.897 0.993527 -0.113515 0.00426842 -0.590658 -0.0047617 -0.00407473 0.99998 12.2231
-0.0567612 -0.998363 -0.00703242 -11.8024 0.998382 -0.0567825 0.00287323 -0.583996 -0.00326785 -0.00685795 0.999971 13.7914
0.000206308 -0.999908 -0.0135736 -11.5655 0.999982 0.000123848 0.00607562 -0.555811 -0.00607338 -0.0135746 0.999889 15.1619
0.0551353 -0.998348 -0.0161484 -11.2181 0.998452 0.0550069 0.00829049 -0.508166 -0.00738852 -0.0165805 0.999835 16.3692
0.10763 -0.994009 -0.0190411 -10.7021 0.994143 0.107416 0.011919 -0.502843 -0.0098023 -0.0202125 0.999748 17.3191
0.152733 -0.98804 -0.0212242 -10.1011 0.988236 0.152521 0.0112433 -0.531086 -0.0078717 -0.0226917 0.999712 18.0458
0.198074 -0.979866 -0.0251051 -9.44784 0.980186 0.19797 0.00658904 -0.592546 -0.00148633 -0.0259127 0.999663 18.5509
0.243189 -0.969553 -0.0287558 -8.71743 0.969978 0.243042 0.00854783 -0.648185 -0.00129871 -0.0299712 0.99955 18.8412
0.286938 -0.957321 -0.0346958 -7.99009 0.957941 0.286602 0.0144145 -0.628445 -0.00385544 -0.0373726 0.999294 18.9324
0.329111 -0.943507 -0.0384863 -7.21329 0.944284 0.328672 0.0174087 -0.617836 -0.00377584 -0.0420714 0.999107 18.8645
0.372294 -0.927448 -0.0351707 -6.40076 0.928096 0.371776 0.0204936 -0.646427 -0.00593113 -0.0402714 0.999171 18.6521
0.414194 -0.909808 -0.0263285 -5.58401 0.910139 0.413696 0.0224148 -0.640918 -0.00950117 -0.0332467 0.999402 18.2893
0.458091 -0.888766 -0.0157087 -4.71795 0.88879 0.457675 0.0242109 -0.611584 -0.0143283 -0.0250525 0.999583 17.7156
0.499855 -0.866065 -0.00870453 -3.89011 0.865927 0.499519 0.0255251 -0.553941 -0.0177583 -0.0202964 0.999636 16.9406
0.543878 -0.839157 -0.00361214 -3.09778 0.838962 0.543647 0.0243253 -0.522314 -0.018449 -0.0162605 0.999698 16.0115
0.586371 -0.810041 -0.00177557 -2.36905 0.80989 0.586216 0.0207149 -0.524222 -0.015739 -0.0135846 0.999784 14.9186
0.628511 -0.777798 0.00195541 -1.64535 0.77758 0.62839 0.022262 -0.538065 -0.0185441 -0.0124714 0.99975 13.737
0.666199 -0.745752 0.00581984 -0.931353 0.745604 0.666193 0.0161923 -0.518195 -0.0159526 -0.00644798 0.999852 12.406
0.701311 -0.712823 0.00684385 -0.273821 0.712703 0.701327 0.0139127 -0.513666 -0.014717 -0.00487946 0.99988 10.9158
0.733588 -0.679491 0.0119042 0.330606 0.679376 0.733683 0.0125507 -0.506958 -0.017262 -0.0011196 0.99985 9.32445
0.764846 -0.644005 0.0163759 0.867284 0.643935 0.765015 0.00996403 -0.478281 -0.0189447 0.00292405 0.999816 7.60743
0.794553 -0.607006 0.0151379 1.35737 0.606972 0.79469 0.00731183 -0.456365 -0.0164683 0.00337865 0.999859 5.74814
0.822755 -0.568345 0.00769609 1.79111 0.568317 0.822791 0.0056297 -0.476351 -0.00953187 -0.000258042 0.999955 3.79733
0.848654 -0.528928 0.00454417 2.15751 0.528935 0.848662 -0.000391118 -0.472721 -0.00364959 0.0027355 0.99999 1.77289
0.873397 -0.487002 0.00238159 2.44755 0.487008 0.873378 -0.00586726 -0.475986 0.000777339 0.0062843 0.99998 -0.300369
0.896404 -0.443224 0.00353866 2.6071 0.443237 0.896367 -0.0081853 -0.482429 0.000455976 0.0089058 0.99996 -2.44707
0.91707 -0.39871 0.00352 2.64929 0.398726 0.917033 -0.00825301 -0.489378 6.26014e-05 0.00897211 0.99996 -4.59722
0.936702 -0.350071 0.0062101 2.54764 0.350102 0.9367 -0.00474275 -0.506641 -0.0041567 0.00661671 0.999969 -6.72325
0.95402 -0.299664 0.00691921 2.39315 0.299649 0.954044 0.00313641 -0.539049 -0.00754111 -0.000918867 0.999971 -8.82476
0.968772 -0.247761 0.00973463 2.17761 0.247685 0.968805 0.0083199 -0.527082 -0.0114923 -0.00564896 0.999918 -10.8523
0.980631 -0.195554 0.0110092 1.91985 0.195455 0.980667 0.00948544 -0.538522 -0.0126513 -0.00714991 0.999894 -12.7506
0.999995 -0.0027937 -0.00159824 0.00451422 0.00279144 0.999995 -0.00141484 -0.0422005 0.00160218 0.00141037 0.999998 0.683983
0.999965 -0.00730709 -0.00415246 -0.00790891 0.00729853 0.999971 -0.00207433 0.00036936 0.0041675 0.00204395 0.999989 1.39423
0.999934 -0.0105498 -0.00451112 -0.0127047 0.010549 0.999944 -0.00021176 -0.0559976 0.0045131 0.000164158 0.99999 2.11997
0.999863 -0.0156391 -0.00542808 -0.0323154 0.0156405 0.999878 0.000228323 -0.015396 0.00542385 -0.00031319 0.999985 2.86443
0.999791 -0.0197683 -0.00512664 -0.0436931 0.0197665 0.999805 -0.000397649 -0.0588711 0.0051335 0.00029623 0.999987 3.61471
0.99968 -0.0245318 -0.00610402 -0.0841194 0.02453 0.999699 -0.000362679 -0.0329851 0.00611108 0.000212832 0.999981 4.38314
0.999547 -0.0292881 -0.00689414 -0.108394 0.0293019 0.999569 0.00191454 -0.0349425 0.0068351 -0.00211569 0.999974 5.15672
0.999422 -0.033429 -0.00625209 -0.142321 0.0334546 0.999432 0.0040376 -0.0463535 0.00611357 -0.00424443 0.999972 5.96186
0.999285 -0.0375537 -0.00430996 -0.185178 0.0375702 0.999287 0.00381183 -0.0557174 0.00416374 -0.00397103 0.999983 6.75944
0.999126 -0.0417447 -0.00195028 -0.214073 0.0417509 0.999123 0.00327592 -0.0705552 0.00181182 -0.00335448 0.999993 7.57711
0.99904 -0.043772 -0.00184985 -0.25259 0.0437779 0.999036 0.00329472 -0.0925973 0.00170385 -0.00337254 0.999993 8.3974
0.998921 -0.0463609 -0.00284014 -0.285263 0.0463707 0.998918 0.00348691 -0.0774823 0.00267541 -0.00361484 0.99999 9.22
0.998864 -0.0475564 -0.00293213 -0.334174 0.0475619 0.998867 0.00183872 -0.111752 0.00284136 -0.00197609 0.999994 10.0346
0.998757 -0.0497967 -0.00238143 -0.370565 0.0497985 0.998759 0.000680629 -0.122986 0.00234458 -0.000798374 0.999997 10.8798
0.998669 -0.0515035 -0.00267792 -0.405328 0.0515006 0.998672 -0.0011283 -0.115857 0.00273247 0.00098888 0.999996 11.7505
0.998567 -0.0532839 -0.00494438 -0.460828 0.0532917 0.998578 0.00145071 -0.139376 0.00486005 -0.00171212 0.999987 12.6108
0.998468 -0.0548722 -0.00707816 -0.513678 0.054896 0.998487 0.00320705 -0.166589 0.00689147 -0.0035907 0.99997 13.4808
0.998397 -0.0559787 -0.00831074 -0.569431 0.0560224 0.998416 0.00511598 -0.16623 0.00801119 -0.00557336 0.999952 14.3616
0.998317 -0.0573736 -0.00843588 -0.623276 0.0574228 0.998334 0.00570793 -0.151414 0.00809434 -0.00618274 0.999948 15.2524
0.998252 -0.0586749 -0.00708893 -0.675481 0.0587194 0.998255 0.00624251 -0.185668 0.00671028 -0.00664786 0.999955 16.1585
0.998208 -0.0595791 -0.00556981 -0.728828 0.0596096 0.998207 0.00549084 -0.205896 0.00523268 -0.00581301 0.999969 17.0666
0.998138 -0.0608097 -0.00481115 -0.787904 0.0608353 0.998133 0.00536219 -0.228425 0.0044761 -0.00564489 0.999974 17.976
0.998042 -0.0622964 -0.0055824 -0.861057 0.0623241 0.998044 0.0049287 -0.237457 0.00526444 -0.00526697 0.999972 18.8892
0.997936 -0.0638775 -0.00666029 -0.923912 0.0639041 0.997949 0.00385347 -0.242997 0.00640048 -0.00427114 0.99997 19.8152
0.99791 -0.0643702 -0.00573907 -0.978212 0.0643955 0.997915 0.00433558 -0.244269 0.00544802 -0.00469609 0.999974 20.7304
0.99796 -0.0637955 -0.00257933 -1.04536 0.0638067 0.997952 0.00454322 -0.249651 0.00228421 -0.00469853 0.999986 21.6598
0.997938 -0.0641703 0.00122348 -1.10692 0.0641645 0.99793 0.00434466 -0.254926 -0.00149975 -0.0042572 0.99999 22.6025
0.998045 -0.0623407 0.00440042 -1.16227 0.0623182 0.998044 0.00505896 -0.249672 -0.00470719 -0.00477484 0.999978 23.542
0.998172 -0.0601429 0.00591524 -1.22781 0.0601182 0.998182 0.00426949 -0.249341 -0.00616126 -0.00390607 0.999973 24.4834
0.998275 -0.0586203 0.00312107 -1.28926 0.0586064 0.998272 0.00437828 -0.270973 -0.00337233 -0.00418782 0.999986 25.4254
0.998369 -0.0570762 -0.00128437 -1.35529 0.057082 0.998357 0.00502547 -0.247659 0.000995423 -0.00509059 0.999987 26.396
0.998419 -0.0560635 -0.00411459 -1.41806 0.056085 0.998412 0.00531215 -0.246377 0.00381024 -0.00553452 0.999977 27.3578
0.998457 -0.0554241 -0.00340947 -1.47194 0.0554383 0.998453 0.00421518 -0.265568 0.00317057 -0.00439769 0.999985 28.3397
0.998444 -0.0557629 0.00102098 -1.53032 0.0557627 0.998444 0.000239775 -0.282484 -0.00103276 -0.000182469 0.999999 29.3205
0.99841 -0.0561523 0.00489894 -1.5814 0.0561687 0.998416 -0.00327091 -0.296722 -0.00470751 0.00354088 0.999983 30.2977
0.99833 -0.0575375 0.00512732 -1.62697 0.0575871 0.998289 -0.0101237 -0.298602 -0.00453606 0.010402 0.999936 31.2756
0.998269 -0.0587763 0.0019026 -1.68042 0.0587959 0.998188 -0.0128233 -0.300803 -0.00114544 0.012913 0.999916 32.2579
0.998179 -0.0603042 -0.00157474 -1.74142 0.0602841 0.998124 -0.0106688 -0.308215 0.00221515 0.0105544 0.999942 33.244
0.998055 -0.0622667 -0.00297631 -1.81835 0.0622304 0.998001 -0.0110485 -0.30432 0.00365832 0.0108418 0.999935 34.2348
0.998011 -0.0630116 -0.00201291 -1.88198 0.0629835 0.997944 -0.0118273 -0.32225 0.00275402 0.011677 0.999928 35.2494
0.997921 -0.0644517 0.000661759 -1.95168 0.0644551 0.997864 -0.0106389 -0.3382 2.53508e-05 0.0106594 0.999943 36.2389
0.99788 -0.0650428 0.00222278 -2.02866 0.0650589 0.997848 -0.00816189 -0.354695 -0.00168713 0.0082892 0.999964 37.2423
0.997797 -0.066218 0.00408117 -2.09458 0.066245 0.99778 -0.0068619 -0.362075 -0.00361773 0.00711714 0.999968 38.2358
0.997772 -0.0662065 0.00820541 -2.16251 0.0662707 0.997771 -0.00780894 -0.360277 -0.00767012 0.00833532 0.999936 39.2482
0.997726 -0.0665473 0.0107227 -2.23614 0.0666156 0.99776 -0.00615117 -0.354614 -0.0102893 0.00685148 0.999924 40.2558
0.997754 -0.0662451 0.00994127 -2.31382 0.0662855 0.997794 -0.00378778 -0.355413 -0.00966841 0.00443824 0.999943 41.2576
0.997743 -0.0665499 0.00894348 -2.38551 0.0665959 0.997768 -0.00494781 -0.349646 -0.00859424 0.00553224 0.999948 42.2588
0.997785 -0.0662131 0.0064723 -2.46127 0.0662211 0.997804 -0.00104197 -0.351328 -0.00638909 0.00146826 0.999979 43.2596
0.997689 -0.0676655 0.00613672 -2.52639 0.06767 0.997708 -0.000523089 -0.3618 -0.00608726 0.000937152 0.999981 44.2347
0.99761 -0.0686601 0.00780628 -2.59743 0.068697 0.997627 -0.00455996 -0.352361 -0.00747467 0.00508533 0.999959 45.2198
0.997542 -0.0695646 0.00839379 -2.67017 0.0696135 0.997558 -0.00568444 -0.353678 -0.00797786 0.00625479 0.999949 46.2065
0.997527 -0.0700061 0.00620224 -2.75261 0.0700417 0.997528 -0.00571042 -0.361749 -0.00578714 0.00613072 0.999964 47.1905
0.997525 -0.0703015 0.00123098 -2.82925 0.0703038 0.997524 -0.00195926 -0.373321 -0.00109019 0.00204096 0.999997 48.1767
0.997488 -0.0708316 -0.000613899 -2.91092 0.0708317 0.997488 0.000186212 -0.388582 0.000599168 -0.000229227 1 49.152
0.997477 -0.0709582 0.00232119 -2.97567 0.0709582 0.997479 6.38123e-05 -0.392326 -0.00231987 0.000101056 0.999997 50.1263
0.997474 -0.0707574 0.00626686 -3.0446 0.0707713 0.997491 -0.00202773 -0.399951 -0.00610766 0.00246612 0.999978 51.1087
0.99744 -0.0711389 0.00721502 -3.11374 0.0711651 0.997459 -0.00344887 -0.394575 -0.00695133 0.0039535 0.999968 52.0752
0.997452 -0.0710289 0.00669001 -3.17584 0.0710701 0.997452 -0.00612839 -0.40248 -0.00623767 0.00658823 0.999959 53.03
0.997426 -0.0714759 0.00573601 -3.24487 0.0715243 0.997401 -0.00873761 -0.41718 -0.00509658 0.00912538 0.999945 54.009
0.997317 -0.0728863 0.00686312 -3.31293 0.0729504 0.997289 -0.00958925 -0.433915 -0.0061456 0.0100642 0.99993 54.961
0.997209 -0.073856 0.0109562 -3.37592 0.0740053 0.997161 -0.0139137 -0.428583 -0.00989752 0.0146857 0.999843 55.9192
0.997084 -0.0747617 0.0152891 -3.44203 0.0750266 0.997027 -0.0175531 -0.428196 -0.0139313 0.018649 0.999729 56.8857
0.997012 -0.0752324 0.0175385 -3.52822 0.0755088 0.997022 -0.0156679 -0.422782 -0.0163076 0.0169454 0.999723 57.8303
0.996995 -0.0760891 0.0145598 -3.60958 0.0763125 0.996964 -0.0154577 -0.419043 -0.0133394 0.0165224 0.999775 58.7791
0.99696 -0.0775278 0.00774097 -3.67828 0.077626 0.996894 -0.0133127 -0.418404 -0.00668482 0.0138732 0.999881 59.6997
0.996912 -0.0785077 0.00192783 -3.74352 0.0785236 0.996857 -0.010456 -0.42773 -0.00110089 0.0105751 0.999943 60.6275
0.996862 -0.0791411 0.00167906 -3.83644 0.0791486 0.99685 -0.00501986 -0.416373 -0.0012765 0.005137 0.999986 61.543
0.996785 -0.0800121 0.00422577 -3.92167 0.0800272 0.996786 -0.00354508 -0.420021 -0.00392854 0.00387186 0.999985 62.4328
0.99669 -0.0811054 0.0055662 -3.99485 0.081123 0.9967 -0.00301068 -0.420662 -0.00530364 0.00345226 0.99998 63.3165
0.996589 -0.0823308 0.00565892 -4.07523 0.0823386 0.996604 -0.00116879 -0.431293 -0.00554348 0.00163075 0.999983 64.1866
0.996469 -0.0837593 0.00587156 -4.15777 0.0837649 0.996485 -0.000714418 -0.440125 -0.00579108 0.00120373 0.999983 65.058
0.996347 -0.0851379 0.00669068 -4.23047 0.0851447 0.996368 -0.000730865 -0.45368 -0.00660416 0.00129787 0.999977 65.9005
0.996224 -0.0865655 0.00666068 -4.30622 0.0865741 0.996245 -0.00101654 -0.468171 -0.00654767 0.00158934 0.999977 66.7309
0.996126 -0.0876137 0.00748614 -4.38363 0.0876084 0.996154 0.00103949 -0.486182 -0.00754842 -0.000379612 0.999971 67.536
0.995966 -0.0891448 0.0102149 -4.466 0.0891158 0.996016 0.00326029 -0.479429 -0.0104648 -0.00233684 0.999943 68.3316
0.995801 -0.0905195 0.0136411 -4.53961 0.09047 0.99589 0.00420058 -0.471576 -0.0139652 -0.00294884 0.999898 69.1244
0.995616 -0.0921408 0.0161037 -4.61632 0.0920698 0.99574 0.00509582 -0.46953 -0.0165046 -0.00359081 0.999857 69.8925
0.995566 -0.0931363 0.0132063 -4.69434 0.0930384 0.995632 0.00784163 -0.478254 -0.013879 -0.00657816 0.999882 70.6488
0.995545 -0.0940908 0.00607709 -4.76702 0.0940384 0.995533 0.00839011 -0.48286 -0.00683937 -0.00778126 0.999946 71.3706
0.995413 -0.0956739 0.000301752 -4.84842 0.0956686 0.995382 0.00783724 -0.494547 -0.00105018 -0.00777242 0.999969 72.0849
0.995344 -0.0963725 -0.00179123 -4.91356 0.096385 0.995302 0.00920376 -0.493316 0.00089582 -0.00933355 0.999956 72.7858
0.995273 -0.0971202 0.000407193 -4.9916 0.097108 0.995199 0.0122148 -0.503208 -0.00159154 -0.0121175 0.999925 73.471
0.995169 -0.098123 0.00327468 -5.07238 0.0980903 0.995137 0.0090042 -0.512021 -0.00414227 -0.00863949 0.999954 74.1429
0.995075 -0.0991236 0.00097625 -5.12993 0.0991134 0.995047 0.00763247 -0.523166 -0.00172797 -0.00749811 0.99997 74.767
0.995044 -0.0994002 -0.00268265 -5.17742 0.0994057 0.995045 0.00199962 -0.540919 0.0024706 -0.00225638 0.999994 75.3731
0.995135 -0.0982751 -0.00701139 -5.23724 0.0982607 0.995158 -0.0023637 -0.546663 0.00720973 0.00166325 0.999973 75.9695
0.995428 -0.0952053 -0.00771213 -5.30392 0.0952079 0.995457 -2.86777e-05 -0.570058 0.00767983 -0.000705709 0.99997 76.5594
0.995827 -0.0910788 -0.00580768 -5.37274 0.0911057 0.995831 0.00453277 -0.571702 0.00537063 -0.00504297 0.999973 77.1272
0.99625 -0.0864657 -0.00297179 -5.42057 0.0864751 0.996249 0.00318498 -0.572421 0.00268525 -0.00343002 0.999991 77.6906
0.996702 -0.0811392 0.00131124 -5.46795 0.0811396 0.996703 -0.000225649 -0.577097 -0.00128861 0.000331299 0.999999 78.2348
0.997303 -0.0731837 0.00549751 -5.48924 0.0732077 0.997307 -0.00430309 -0.585652 -0.00516779 0.00469395 0.999976 78.7719
0.998021 -0.0626012 0.00595558 -5.52709 0.0626157 0.998035 -0.00227772 -0.590301 -0.00580129 0.00264612 0.99998 79.282
0.998841 -0.0478402 0.0052789 -5.57019 0.0478242 0.998851 0.00312307 -0.613195 -0.00542224 -0.00286699 0.999981 79.7859
0.999554 -0.029432 0.0050638 -5.59028 0.029387 0.99953 0.00874612 -0.618637 -0.00531884 -0.00859341 0.999949 80.2847
0.999953 -0.00768431 0.00599067 -5.58443 0.00763507 0.999937 0.00820055 -0.613239 -0.00605331 -0.00815442 0.999948 80.7689
0.999804 0.0183451 0.0074769 -5.55882 -0.0183731 0.999824 0.00369874 -0.610554 -0.00740774 -0.00383539 0.999965 81.2333
0.998822 0.0476889 0.00894986 -5.52367 -0.0477079 0.998859 0.00192271 -0.616182 -0.00884796 -0.00234743 0.999958 81.6917
0.996642 0.0811759 0.0107261 -5.48064 -0.0812059 0.996694 0.00239388 -0.622031 -0.0104963 -0.00325686 0.99994 82.1368
0.992963 0.117828 0.0118566 -5.41604 -0.117865 0.993027 0.00246759 -0.625937 -0.0114831 -0.0038477 0.999927 82.5921
0.987061 0.159819 0.0129902 -5.33626 -0.159861 0.987137 0.00225194 -0.62284 -0.0124632 -0.00429943 0.999913 83.0179
0.978684 0.204888 0.0141054 -5.23948 -0.204942 0.978771 0.00250597 -0.622203 -0.0132925 -0.00534334 0.999897 83.432
0.967235 0.25352 0.0135397 -5.10658 -0.2536 0.967299 0.00450994 -0.620664 -0.0119535 -0.00779583 0.999898 83.8513
0.951795 0.30648 0.0124907 -4.96436 -0.30655 0.951846 0.00409326 -0.621378 -0.0106347 -0.00772497 0.999914 84.2325
0.932332 0.361434 0.0110917 -4.78474 -0.3615 0.932361 0.00464734 -0.621301 -0.00866178 -0.00834252 0.999928 84.6276
0.908452 0.417851 0.010787 -4.60345 -0.417916 0.908474 0.00464164 -0.616763 -0.00786021 -0.00872477 0.999931 84.9782
0.879599 0.47561 0.0100237 -4.39807 -0.475671 0.87961 0.0048511 -0.609071 -0.00650975 -0.00903502 0.999938 85.3118
0.846451 0.532403 0.00824362 -4.14628 -0.532444 0.846457 0.00376781 -0.632711 -0.00497187 -0.00757853 0.999959 85.6425
0.809821 0.586628 0.00758034 -3.90047 -0.586664 0.809822 0.00372606 -0.640045 -0.00395291 -0.00746455 0.999964 85.9253
0.770144 0.637814 0.00845906 -3.62012 -0.637849 0.770159 0.0019935 -0.641085 -0.00524334 -0.00693088 0.999962 86.2143
0.727481 0.686045 0.0106277 -3.35208 -0.686094 0.727512 0.00136022 -0.642179 -0.00679858 -0.0082811 0.999943 86.4657
0.682148 0.731129 0.0111378 -3.06197 -0.731181 0.682183 0.000850021 -0.639191 -0.00697651 -0.00872356 0.999938 86.7028
0.635454 0.772073 0.010093 -2.73423 -0.772107 0.635492 -0.000726762 -0.632541 -0.00697514 -0.00733107 0.999949 86.95
0.588815 0.808239 0.00681597 -2.41931 -0.808237 0.588845 -0.00378396 -0.630878 -0.0070719 -0.00328087 0.99997 87.1265
0.542061 0.840317 0.00607783 -2.0806 -0.840318 0.542084 -0.00318726 -0.642525 -0.00597301 -0.00337962 0.999976 87.311
0.495056 0.868812 0.00923307 -1.76113 -0.868846 0.495082 -0.000710308 -0.654952 -0.00518825 -0.00767047 0.999957 87.4667
0.449296 0.893333 0.00950349 -1.43427 -0.893377 0.449307 0.00101642 -0.654862 -0.00336198 -0.00894687 0.999954 87.6086
0.406298 0.913721 0.00599426 -1.07207 -0.913734 0.406311 -0.00100379 -0.640073 -0.00335271 -0.00506932 0.999982 87.7563
0.367104 0.93017 -0.00431951 -0.720286 -0.930156 0.367058 -0.00887858 -0.653638 -0.00667308 0.00727718 0.999951 87.8457
0.33108 0.943545 -0.0104076 -0.354699 -0.943563 0.330944 -0.0128677 -0.669725 -0.00869687 0.0140805 0.999863 87.9294
0.297299 0.954753 -0.00771996 0.0162965 -0.954754 0.297215 -0.010379 -0.667964 -0.00761488 0.0104563 0.999916 88.0492
0.266567 0.963816 0.000468835 0.374025 -0.963813 0.266568 -0.00238364 -0.665248 -0.00242236 0.00018353 0.999997 88.1587
0.238009 0.97125 0.00499852 0.750893 -0.971263 0.238004 0.00147544 -0.647189 0.000243355 -0.00520604 0.999986 88.2437
0.212064 0.977246 0.00448895 1.14961 -0.977253 0.21205 0.00339588 -0.653779 0.00236673 -0.00510699 0.999984 88.3313
0.188701 0.982032 -0.00203789 1.55382 -0.982025 0.188708 0.00397771 -0.658339 0.00429081 0.00125066 0.99999 88.3913
0.167908 0.985751 -0.0100712 1.96341 -0.985746 0.167999 0.00897152 -0.666744 0.0105356 0.0084213 0.999909 88.4389
0.148012 0.988898 -0.0131534 2.38144 -0.988829 0.148212 0.0158401 -0.657073 0.0176137 0.0106619 0.999788 88.4888
0.130086 0.99144 -0.0111377 2.82064 -0.991337 0.130262 0.0168006 -0.660393 0.0181076 0.0088557 0.999797 88.5569
0.11462 0.993378 -0.00787355 3.28421 -0.993302 0.114721 0.0137769 -0.663522 0.0145889 0.0062417 0.999874 88.6113
0.100234 0.994942 -0.00661515 3.75932 -0.994906 0.100297 0.0101519 -0.671525 0.010764 0.00556389 0.999927 88.6438
0.0870545 0.996175 -0.00757942 4.23836 -0.996171 0.0871104 0.00737625 -0.679204 0.00800828 0.00690827 0.999944 88.6845
0.0752933 0.997091 -0.0118345 4.73509 -0.997139 0.0753655 0.0057699 -0.704121 0.00664503 0.0113662 0.999913 88.7158
0.0649748 0.99779 -0.0138739 5.24592 -0.997862 0.0650643 0.00610019 -0.720879 0.00698941 0.0134479 0.999885 88.7444
0.0564534 0.998278 -0.0159664 5.77982 -0.998376 0.0565667 0.00673049 -0.73237 0.00762206 0.0155605 0.99985 88.7691
0.0510487 0.998535 -0.0179664 6.32573 -0.998665 0.0511804 0.00694636 -0.720871 0.0078557 0.0175878 0.999814 88.8035
0.045558 0.9988 -0.0179843 6.89107 -0.998921 0.0457117 0.00822808 -0.728203 0.0090403 0.0175901 0.999804 88.8315
0.0395067 0.999034 -0.019267 7.4728 -0.999175 0.0396784 0.00861518 -0.734104 0.00937134 0.0189108 0.999777 88.8474
0.0351523 0.999137 -0.0221312 8.08276 -0.999338 0.0353497 0.00859005 -0.737676 0.00936497 0.0218146 0.999718 88.8618
0.0322688 0.99925 -0.021385 8.70535 -0.999438 0.0324533 0.0083362 -0.753524 0.00902397 0.021104 0.999737 88.8968
0.029096 0.999341 -0.021684 9.34196 -0.999541 0.0292702 0.00776171 -0.763986 0.00839129 0.0214482 0.999735 88.9141
0.0263278 0.999384 -0.0232203 10.005 -0.99962 0.0265103 0.00758686 -0.769807 0.00819776 0.0230118 0.999702 88.9309
0.0255949 0.999309 -0.0269411 10.689 -0.99964 0.0258012 0.00733847 -0.774867 0.00802851 0.0267435 0.99961 88.9463
