1 0 0 0 0 1 0 0 0 0 1 0
0.999991 -0.00399678 -0.00134527 -0.0105903 0.00399849 0.999991 0.00126965 -0.00756449 0.00134019 -0.00127502 0.999998 0.717158
0.999964 -0.00794502 -0.00290236 -0.0189443 0.00794844 0.999968 0.00116899 -0.00765931 0.00289298 -0.00119202 0.999995 1.43937
0.999913 -0.0126812 -0.00376477 -0.0316702 0.0126918 0.999916 0.00280908 -0.0135729 0.00372883 -0.00285662 0.999989 2.17659
0.999848 -0.0169943 -0.00388369 -0.0467505 0.0170009 0.999854 0.00166975 -0.0215591 0.00385474 -0.00173552 0.999991 2.92606
0.99976 -0.0213709 -0.00483106 -0.0766391 0.0213848 0.999767 0.00284488 -0.0310847 0.00476913 -0.00294751 0.999984 3.68764
0.999648 -0.0260119 -0.00525567 -0.108213 0.026043 0.999643 0.00593047 -0.0378292 0.00509954 -0.00606526 0.999969 4.46263
0.999539 -0.0300239 -0.00447826 -0.150121 0.0300597 0.999515 0.00813325 -0.0444407 0.0042319 -0.00826412 0.999957 5.26556
0.999399 -0.03463 -0.0016923 -0.177469 0.0346425 0.999368 0.00800132 -0.0491856 0.00141414 -0.00805514 0.999967 6.07294
0.99927 -0.0381956 0.000789521 -0.208966 0.0381896 0.999249 0.0065183 -0.0566259 -0.0010379 -0.00648339 0.999978 6.89807
0.999178 -0.0405209 0.000658493 -0.250942 0.0405153 0.999154 0.00698643 -0.0670833 -0.000941033 -0.00695401 0.999975 7.71329
0.999091 -0.0426324 6.90032e-05 -0.288713 0.042631 0.999068 0.00682806 -0.0668593 -0.000360036 -0.00681891 0.999977 8.53192
0.999016 -0.044345 -7.35208e-07 -0.324341 0.0443445 0.999005 0.00471376 -0.0766609 -0.000208297 -0.00470916 0.999989 9.35953
0.998921 -0.0464309 0.000653052 -0.362804 0.0464272 0.99891 0.00485037 -0.0792713 -0.000877547 -0.00481482 0.999988 10.2111
0.998841 -0.0481167 0.000906285 -0.402077 0.048115 0.99884 0.00184088 -0.0855226 -0.000993811 -0.00179514 0.999998 11.0685
0.998763 -0.0497025 -0.00131957 -0.452629 0.0497069 0.998758 0.00350871 -0.0914189 0.00114354 -0.00356997 0.999993 11.9379
0.998684 -0.0511424 -0.00393064 -0.503272 0.0511649 0.998673 0.00586409 -0.103966 0.00362552 -0.00605748 0.999975 12.8236
0.998596 -0.0526707 -0.00557953 -0.556924 0.0527192 0.998569 0.0089387 -0.105563 0.00510074 -0.0092203 0.999944 13.7013
0.998528 -0.0539614 -0.00545576 -0.609721 0.0540146 0.998489 0.010121 -0.111635 0.00490137 -0.0104008 0.999934 14.5842
0.998462 -0.0553182 -0.00378418 -0.656463 0.0553513 0.998424 0.00929588 -0.121748 0.00326398 -0.00949104 0.99995 15.4899
0.998405 -0.0564189 -0.00230843 -0.712481 0.0564373 0.998367 0.00885477 -0.130849 0.00180509 -0.00897092 0.999958 16.3941
0.998335 -0.0576474 -0.00174893 -0.768782 0.0576609 0.998295 0.00907149 -0.144935 0.001223 -0.00915724 0.999957 17.3039
0.998252 -0.0590409 -0.00264934 -0.828727 0.0590616 0.998218 0.0085268 -0.147377 0.00214119 -0.00866837 0.99996 18.2148
0.998182 -0.0602007 -0.00297668 -0.886909 0.0602231 0.998152 0.00810413 -0.159332 0.00248331 -0.00826866 0.999963 19.1354
0.998138 -0.0609865 -0.00127709 -0.94041 0.0609949 0.998105 0.00815545 -0.170227 0.000777293 -0.00821816 0.999966 20.0541
0.998143 -0.0608748 0.00223241 -1.0029 0.0608522 0.998106 0.00905385 -0.172117 -0.00277933 -0.00890119 0.999957 20.9807
0.998152 -0.0605017 0.00573643 -1.06707 0.0604481 0.99813 0.00908751 -0.175646 -0.00627551 -0.00872395 0.999942 21.9182
0.998233 -0.0587749 0.00873464 -1.12421 0.0586952 0.998234 0.00911722 -0.177236 -0.00925508 -0.00858843 0.99992 22.8636
0.998334 -0.0568268 0.00994689 -1.18118 0.0567493 0.998357 0.00790867 -0.176487 -0.01038 -0.00733102 0.999919 23.8224
0.998428 -0.0555723 0.00727561 -1.24437 0.0555107 0.998423 0.00842284 -0.174955 -0.00773221 -0.00800573 0.999938 24.7686
0.998516 -0.0543898 0.00271329 -1.30572 0.0543582 0.998465 0.0105948 -0.178124 -0.00328537 -0.0104315 0.99994 25.7344
0.998586 -0.053159 -0.000338481 -1.35916 0.0531597 0.99853 0.0105492 -0.179566 -0.0002228 -0.0105522 0.999944 26.7
0.998627 -0.0523718 0.000674179 -1.40934 0.0523634 0.998586 0.00919678 -0.188026 -0.00115488 -0.00914885 0.999957 27.6731
0.998608 -0.0524239 0.00587327 -1.46293 0.0523908 0.998611 0.00564571 -0.191356 -0.00616108 -0.00533015 0.999967 28.6622
0.998541 -0.0531222 0.00972224 -1.51985 0.0531135 0.998588 0.00114835 -0.190547 -0.00976952 -0.000630289 0.999952 29.6511
0.998492 -0.0540194 0.00981336 -1.56347 0.0540824 0.998517 -0.006266 -0.196451 -0.00946032 0.00678728 0.999932 30.6342
0.998453 -0.0552572 0.00614582 -1.6136 0.0552995 0.998446 -0.00693162 -0.195568 -0.00575324 0.00726076 0.999957 31.6153
0.998384 -0.0567793 0.0021439 -1.66594 0.0567911 0.998369 -0.0058714 -0.202746 -0.00180703 0.00598367 0.99998 32.5782
0.998276 -0.0586814 0.00130957 -1.73945 0.0586872 0.998264 -0.00496126 -0.198027 -0.00101616 0.00502956 0.999987 33.5684
0.998221 -0.0595439 0.00315525 -1.79881 0.0595647 0.9982 -0.00697523 -0.208607 -0.00273424 0.00715076 0.999971 34.5856
0.998128 -0.0608737 0.00586268 -1.86758 0.0609066 0.998128 -0.00562037 -0.205588 -0.00550957 0.00596693 0.999967 35.5905
0.998064 -0.0617963 0.00709283 -1.93904 0.0618136 0.998085 -0.00224621 -0.217274 -0.00694044 0.00268029 0.999972 36.5949
0.997975 -0.0628826 0.00952491 -2.00439 0.0629155 0.998014 -0.00319185 -0.211268 -0.00930528 0.00378465 0.99995 37.5889
0.997955 -0.0625783 0.0130075 -2.0707 0.0626148 0.998035 -0.00241826 -0.217875 -0.0128306 0.00322778 0.999912 38.5998
0.997899 -0.0630615 0.0148831 -2.14032 0.0630508 0.99801 0.00118654 -0.202437 -0.0149283 -0.00024566 0.999889 39.6076
0.997894 -0.0632024 0.0145901 -2.21063 0.0631587 0.997998 0.0034384 -0.206706 -0.0147782 -0.00250967 0.999888 40.6095
0.997914 -0.0632085 0.0131434 -2.2778 0.063172 0.997998 0.00317626 -0.206484 -0.0133178 -0.00233935 0.999909 41.6049
0.997951 -0.0630995 0.0106025 -2.35341 0.0630367 0.997992 0.00615216 -0.204821 -0.0109694 -0.00547121 0.999925 42.6051
0.997888 -0.0640566 0.0108032 -2.41949 0.0639918 0.997931 0.0062439 -0.205075 -0.0111808 -0.0055394 0.999922 43.589
0.9978 -0.0651635 0.0122105 -2.48394 0.0651287 0.997872 0.00322941 -0.204724 -0.012395 -0.00242705 0.99992 44.5903
0.997737 -0.0659251 0.013234 -2.55369 0.0658951 0.997823 0.00269042 -0.195782 -0.0133826 -0.00181227 0.999909 45.5854
0.997738 -0.0664063 0.0104829 -2.62883 0.0663677 0.997787 0.0039914 -0.204065 -0.0107248 -0.00328664 0.999937 46.5553
0.997744 -0.0668856 0.00579261 -2.70603 0.0668442 0.997738 0.0070725 -0.204425 -0.00625256 -0.00666934 0.999958 47.5338
0.997712 -0.0674355 0.00474891 -2.77582 0.0673968 0.997695 0.00788842 -0.211914 -0.00526993 -0.00755031 0.999958 48.5029
0.997694 -0.0674168 0.0078881 -2.83827 0.0673587 0.997701 0.00742234 -0.210434 -0.00837035 -0.00687389 0.999941 49.4751
0.997653 -0.0674822 0.0116195 -2.91096 0.0674401 0.997715 0.00397635 -0.218742 -0.0118613 -0.0031834 0.999925 50.4686
0.997596 -0.0681834 0.0123623 -2.97965 0.0681501 0.99767 0.00309667 -0.21328 -0.0125446 -0.00224673 0.999919 51.4223
0.997615 -0.0680437 0.0115972 -3.03985 0.0680449 0.997682 0.000299182 -0.218563 -0.0115906 0.000490659 0.999933 52.3881
0.997609 -0.0682756 0.0107164 -3.10062 0.0682978 0.997663 -0.0017226 -0.228337 -0.0105738 0.00245039 0.999941 53.3667
0.99752 -0.0694003 0.0117255 -3.16999 0.0694328 0.997584 -0.00239009 -0.2222 -0.0115313 0.0031983 0.999928 54.315
0.997409 -0.070108 0.0161435 -3.24029 0.0702112 0.997515 -0.00591923 -0.215607 -0.0156884 0.00703735 0.999852 55.2812
0.997256 -0.0708876 0.0213274 -3.30728 0.0710904 0.99743 -0.00890592 -0.217546 -0.0206412 0.0103977 0.999733 56.2364
0.997159 -0.0715905 0.0234155 -3.37849 0.0717736 0.997396 -0.00707716 -0.204095 -0.0228479 0.00873767 0.999701 57.1853
0.997176 -0.0724052 0.0199609 -3.45217 0.0725396 0.997347 -0.00609377 -0.200412 -0.0194667 0.00752451 0.999782 58.1346
0.997171 -0.0741388 0.0123545 -3.53074 0.0741872 0.997238 -0.00351049 -0.194207 -0.0120601 0.00441711 0.999918 59.0559
0.997157 -0.0750091 0.00722404 -3.60488 0.0750205 0.997181 -0.00131635 -0.202964 -0.00710494 0.00185455 0.999973 59.9801
0.997095 -0.0758151 0.00738533 -3.69334 0.0757923 0.997118 0.00332686 -0.193418 -0.00761627 -0.00275744 0.999967 60.8959
0.996993 -0.0768934 0.00964576 -3.76527 0.0768497 0.997031 0.00482228 -0.199581 -0.00998792 -0.0040665 0.999942 61.8
0.996886 -0.0780564 0.0111837 -3.84109 0.0779897 0.996934 0.00627315 -0.204627 -0.0116391 -0.0053814 0.999918 62.6744
0.996804 -0.0791286 0.0109583 -3.92094 0.0790324 0.996832 0.00895733 -0.209688 -0.0116323 -0.00806265 0.9999 63.5471
0.996674 -0.0806507 0.0116798 -3.99865 0.0805349 0.996701 0.0100719 -0.209615 -0.0124536 -0.00909773 0.999881 64.4028
0.996545 -0.0821501 0.0121917 -4.07192 0.0820311 0.99658 0.00995898 -0.214235 -0.0129681 -0.00892448 0.999876 65.2642
0.996422 -0.0835681 0.012637 -4.14559 0.0834533 0.996468 0.00934929 -0.21648 -0.0133737 -0.00826123 0.999876 66.0927
0.996308 -0.0847726 0.0135995 -4.21669 0.0846356 0.996358 0.0103528 -0.219106 -0.0144276 -0.00916355 0.999854 66.8971
0.996155 -0.0861212 0.0160698 -4.29355 0.0859184 0.996218 0.0129147 -0.21734 -0.0171213 -0.0114843 0.999787 67.6977
0.995976 -0.0874071 0.0198069 -4.36873 0.0871571 0.996108 0.0131544 -0.209092 -0.0208796 -0.0113751 0.999717 68.4947
0.995782 -0.0891364 0.0217619 -4.44689 0.0888303 0.995939 0.0146515 -0.203326 -0.0229795 -0.0126565 0.999656 69.2659
0.995739 -0.0903988 0.0182056 -4.52314 0.0900778 0.995777 0.0177471 -0.213079 -0.0197331 -0.0160316 0.999677 70.0117
0.995738 -0.0916154 0.0105982 -4.59068 0.091403 0.995632 0.0190423 -0.209603 -0.0122964 -0.0179925 0.999763 70.7439
0.995692 -0.0926052 0.00473602 -4.6589 0.0924987 0.995528 0.0191908 -0.211725 -0.00649201 -0.0186701 0.999805 71.4588
0.995636 -0.0932668 0.00313884 -4.72988 0.0931824 0.995433 0.0207377 -0.211625 -0.00505864 -0.0203547 0.99978 72.1676
0.995562 -0.0938841 0.00641895 -4.79882 0.0937259 0.995363 0.0216236 -0.215222 -0.00841931 -0.0209261 0.999746 72.8595
0.995416 -0.0952062 0.00904803 -4.87329 0.0950036 0.995262 0.0206676 -0.224467 -0.0109729 -0.0197133 0.999745 73.5197
0.995351 -0.0961105 0.00631449 -4.93223 0.0959821 0.995217 0.0182037 -0.229909 -0.00803385 -0.017513 0.999814 74.1535
0.995394 -0.0958484 0.00202097 -4.97997 0.095816 0.995321 0.0124927 -0.24005 -0.00320893 -0.0122416 0.99992 74.7649
0.995482 -0.0949199 -0.00223193 -5.03949 0.0949344 0.995454 0.00768395 -0.246379 0.00149242 -0.00786113 0.999968 75.361
0.995773 -0.0918014 -0.00280052 -5.10033 0.0918249 0.995726 0.00990238 -0.253429 0.0018795 -0.0101177 0.999947 75.9446
0.996132 -0.0878707 -0.000552764 -5.16617 0.087869 0.996017 0.015138 -0.250434 -0.000779623 -0.015128 0.999885 76.5192
0.996525 -0.0832458 0.00281952 -5.20883 0.0831987 0.996435 0.0139861 -0.263259 -0.00397375 -0.0137029 0.999898 77.0979
0.996931 -0.0779304 0.00750178 -5.24738 0.0778492 0.996909 0.0105732 -0.269403 -0.00830256 -0.00995669 0.999916 77.6424
0.997511 -0.069571 0.0114931 -5.27786 0.0695077 0.997564 0.00581395 -0.280174 -0.0118696 -0.00500062 0.999917 78.1803
0.998184 -0.0591346 0.0115037 -5.31934 0.0590403 0.998221 0.0083678 -0.286151 -0.011978 -0.00767342 0.999899 78.6969
0.99896 -0.0442268 0.0110579 -5.34977 0.0440784 0.998939 0.0133227 -0.283735 -0.0116354 -0.0128214 0.99985 79.2008
0.999589 -0.0261352 0.0117722 -5.3744 0.0259097 0.999485 0.0189179 -0.281756 -0.0122606 -0.0186051 0.999752 79.7077
0.99991 -0.00441014 0.0126541 -5.36875 0.00418657 0.999836 0.01764 -0.281208 -0.0127298 -0.0175855 0.999764 80.1915
0.999663 0.0217767 0.0141539 -5.34317 -0.0219775 0.999658 0.0141925 -0.289733 -0.01384 -0.0144988 0.999799 80.6562
0.998574 0.0509001 0.0160708 -5.30873 -0.0511096 0.99861 0.0129096 -0.291664 -0.0153914 -0.0137126 0.999788 81.1025
0.996301 0.0840108 0.0180878 -5.26365 -0.0842409 0.996369 0.0123544 -0.290301 -0.0169842 -0.0138324 0.99976 81.5526
0.992384 0.121689 0.0191212 -5.19509 -0.121935 0.992462 0.012302 -0.289655 -0.01748 -0.0145399 0.999741 82.009
0.986406 0.163089 0.0201285 -5.11551 -0.163362 0.986484 0.0127428 -0.289633 -0.0177782 -0.0158578 0.999716 82.441
0.977861 0.208221 0.020769 -5.01669 -0.20851 0.977936 0.0128563 -0.291566 -0.0176338 -0.0169023 0.999702 82.8651
0.966202 0.256995 0.0202018 -4.8829 -0.257302 0.966224 0.0144158 -0.288571 -0.0158146 -0.0191265 0.999692 83.2858
0.950658 0.309647 0.0191557 -4.74655 -0.309946 0.950631 0.0152698 -0.296324 -0.0134818 -0.0204536 0.9997 83.669
0.930963 0.364668 0.0180342 -4.55944 -0.364944 0.930901 0.0154809 -0.294811 -0.0111427 -0.0209936 0.999718 84.0626
0.906658 0.421503 0.0175377 -4.38529 -0.421766 0.906567 0.0157875 -0.295214 -0.00924465 -0.0217107 0.999722 84.4079
0.87776 0.478815 0.0165504 -4.17476 -0.479053 0.877637 0.0161464 -0.283333 -0.00679405 -0.0221012 0.999733 84.7358
0.844486 0.53537 0.0149365 -3.91703 -0.535556 0.844375 0.0144915 -0.297387 -0.00485371 -0.0202372 0.999783 85.0803
0.807774 0.589315 0.014444 -3.68028 -0.589483 0.807659 0.0140568 -0.299176 -0.00338193 -0.0198692 0.999797 85.3564
0.767833 0.640462 0.0155158 -3.39416 -0.640638 0.767742 0.0124674 -0.313125 -0.00392721 -0.0195129 0.999802 85.651
0.725203 0.68829 0.0183726 -3.12887 -0.688514 0.725132 0.0115115 -0.305053 -0.00539929 -0.020998 0.999765 85.8972
0.67995 0.733014 0.0189156 -2.83479 -0.73324 0.679888 0.0105174 -0.304379 -0.00515113 -0.021021 0.999766 86.1313
0.63312 0.773879 0.0164489 -2.49924 -0.774045 0.633069 0.00881498 -0.309404 -0.00359153 -0.0183131 0.999826 86.377
0.586532 0.809821 0.0130441 -2.19357 -0.80992 0.586512 0.00570936 -0.331195 -0.003027 -0.0139134 0.999899 86.548
0.539262 0.842023 0.0139248 -1.85217 -0.842137 0.539219 0.00694998 -0.328606 -0.00165646 -0.0154744 0.999879 86.7445
0.492355 0.870234 0.0167233 -1.53758 -0.870395 0.492267 0.00933062 -0.32671 -0.00011252 -0.0191499 0.999817 86.9006
0.446528 0.894599 0.0174689 -1.20062 -0.894767 0.446391 0.0112705 -0.331113 0.0022846 -0.0206632 0.999784 87.0525
0.403464 0.914923 0.0115112 -0.827069 -0.914988 0.403378 0.00916808 -0.325487 0.00374475 -0.0142316 0.999892 87.1894
0.364161 0.931336 7.76533e-05 -0.47752 -0.931336 0.364161 0.000723514 -0.355379 0.000645557 -0.000335797 1 87.2632
0.328377 0.944537 -0.00425692 -0.121114 -0.944545 0.328364 -0.00345694 -0.356742 -0.00186738 0.00515603 0.999985 87.3526
0.294585 0.955624 -0.00179201 0.25595 -0.955625 0.294585 -7.3356e-05 -0.365698 0.000457799 0.0017341 0.999998 87.4648
0.263776 0.964558 0.00708249 0.61012 -0.964568 0.263722 0.00769222 -0.360579 0.00555178 -0.00886056 0.999945 87.5715
0.235464 0.971814 0.0116211 0.986102 -0.97184 0.235324 0.0122365 -0.363692 0.00915684 -0.0141751 0.999858 87.6686
0.20935 0.977787 0.010207 1.38313 -0.977778 0.209207 0.0135069 -0.379425 0.0110715 -0.0128079 0.999857 87.7439
0.186051 0.982535 0.00301509 1.78154 -0.982448 0.185991 0.014243 -0.383326 0.0134335 -0.0056121 0.999894 87.7953
0.165029 0.986278 -0.00450515 2.18763 -0.986081 0.165086 0.0197695 -0.393524 0.0202419 0.00117991 0.999794 87.8475
0.145198 0.989387 -0.00554344 2.61645 -0.989026 0.145295 0.0267817 -0.384455 0.0273029 0.00159396 0.999626 87.9028
0.127606 0.991819 -0.00332541 3.06005 -0.991429 0.12765 0.0278108 -0.39156 0.0280078 -0.000251928 0.999608 87.9593
0.111935 0.993714 -0.00150353 3.50229 -0.99344 0.111939 0.0233738 -0.403681 0.0233952 -0.00112268 0.999726 88.0095
0.0970557 0.995278 -0.00146279 3.98495 -0.995082 0.0970656 0.0197543 -0.425478 0.019803 -0.000461668 0.999804 88.0595
0.0841456 0.996449 -0.00297825 4.4632 -0.9963 0.0841848 0.0173053 -0.439788 0.0174946 0.00151107 0.999846 88.0912
0.0718067 0.997399 -0.00630182 4.96926 -0.99728 0.0719005 0.0161941 -0.452627 0.016605 0.00512183 0.999849 88.1181
0.0618416 0.998045 -0.00903636 5.48018 -0.997939 0.0619853 0.0166035 -0.464047 0.0171311 0.00799095 0.999821 88.1445
0.0538641 0.998481 -0.0115744 6.01115 -0.99839 0.0540585 0.0171913 -0.474238 0.0177909 0.0106297 0.999785 88.1684
0.0477287 0.998782 -0.012522 6.56174 -0.998696 0.0479444 0.0175298 -0.486819 0.0181088 0.011669 0.999768 88.1939
0.0424805 0.999015 -0.0128409 7.12012 -0.998917 0.0427135 0.0184471 -0.498854 0.0189774 0.0120433 0.999747 88.2168
0.0361864 0.999262 -0.0128554 7.70239 -0.999153 0.0364288 0.0191551 -0.508686 0.0196093 0.0121514 0.999734 88.2352
0.0316448 0.999387 -0.014945 8.31664 -0.999307 0.0319287 0.0191556 -0.519948 0.0196211 0.0143285 0.999705 88.2504
0.0287488 0.999467 -0.0154938 8.93469 -0.999399 0.0290406 0.0189496 -0.535976 0.0193894 0.0149397 0.9997 88.2605
0.0256483 0.999547 -0.0157558 9.57474 -0.999494 0.0259374 0.0184296 -0.553642 0.0188299 0.0152751 0.999706 88.2904
0.0231078 0.999579 -0.017532 10.2369 -0.999562 0.0234246 0.0180828 -0.564907 0.0184858 0.0171065 0.999683 88.3026
0.0224099 0.999523 -0.0212626 10.9138 -0.999585 0.0227861 0.0176181 -0.582591 0.0180942 0.0208589 0.999619 88.3113
0.0231301 0.999428 -0.0246803 11.6062 -0.999577 0.0235546 0.01705 -0.595385 0.0176215 0.0242755 0.99955 88.3257
0.0256609 0.999316 -0.0266279 12.3091 -0.999516 0.026117 0.0169237 -0.611216 0.0176076 0.0261807 0.999502 88.338
0.0293264 0.999175 -0.0280961 13.0422 -0.999411 0.0298106 0.0169726 -0.625334 0.0177962 0.0275818 0.999461 88.3605
0.0332172 0.999038 -0.0286288 13.7952 -0.999297 0.0336968 0.0164354 -0.641295 0.0173843 0.0280627 0.999455 88.3879
0.0374335 0.998845 -0.0301385 14.5477 -0.999168 0.0378998 0.01505 -0.65685 0.0161749 0.0295501 0.999432 88.4118
0.0415391 0.998651 -0.0311676 15.3269 -0.999028 0.0419749 0.0134575 -0.673674 0.0147476 0.0305783 0.999424 88.4484
0.0457387 0.998511 -0.0297166 16.1196 -0.998869 0.0461021 0.0116613 -0.686791 0.013014 0.0291496 0.99949 88.4876
0.0500655 0.998356 -0.0278947 16.9131 -0.998676 0.0503723 0.0104065 -0.699149 0.0117945 0.0273367 0.999557 88.5306
0.0537539 0.998262 -0.0241555 17.7261 -0.998479 0.0540311 0.0109722 -0.714867 0.0122582 0.0235289 0.999648 88.5776
0.0570606 0.998128 -0.0220068 18.5348 -0.998242 0.0573927 0.014769 -0.736075 0.0160044 0.0211254 0.999649 88.6299
0.0583907 0.998147 -0.0170989 19.3482 -0.998071 0.0587307 0.0201053 -0.74549 0.0210723 0.015892 0.999652 88.6979
0.0586982 0.998192 -0.0128966 20.1797 -0.997992 0.0589846 0.0230741 -0.769681 0.0237931 0.0115163 0.999651 88.751
0.0589228 0.998206 -0.0105877 21.0113 -0.997987 0.0591524 0.02286 -0.791387 0.0234453 0.00921942 0.999683 88.8101
0.059056 0.998196 -0.0108262 21.837 -0.998024 0.0592719 0.0208451 -0.819251 0.0214492 0.0095738 0.999724 88.8724
0.0587683 0.998212 -0.0108814 22.6572 -0.998069 0.0589723 0.0194956 -0.850957 0.0201024 0.00971471 0.999751 88.9278
0.0590024 0.998217 -0.00906375 23.4673 -0.998069 0.0591655 0.0189353 -0.877971 0.0194378 0.00792902 0.99978 88.9867
0.0591608 0.998213 -0.0084458 24.2855 -0.998052 0.059315 0.0193564 -0.902474 0.0198228 0.0072842 0.999777 89.0404
0.0590934 0.998231 -0.0065654 25.1222 -0.998049 0.0592127 0.0197813 -0.927025 0.020135 0.00538365 0.999783 89.097
0.058165 0.998302 -0.00300879 25.9362 -0.998088 0.0582151 0.020754 -0.959382 0.0208939 0.00179588 0.99978 89.1669
0.0556939 0.998448 -0.000483882 26.7514 -0.998243 0.0556923 0.0202214 -0.984604 0.0202169 -0.000643175 0.999795 89.2186
0.052265 0.998632 0.00130913 27.5648 -0.998453 0.0522305 0.0190802 -1.00838 0.0189858 -0.00230433 0.999817 89.2698
0.0476275 0.998862 0.00253509 28.3778 -0.998728 0.0475787 0.0166938 -1.03274 0.0165542 -0.00332695 0.999857 89.3208
0.0413965 0.999131 0.00487318 29.1984 -0.999038 0.0413211 0.0146599 -1.05331 0.0144457 -0.00547536 0.999881 89.3656
0.0340898 0.999399 0.00633917 30.0215 -0.999317 0.0339949 0.0145169 -1.08249 0.0142927 -0.00682971 0.999875 89.4002
0.0251251 0.999666 0.00606216 30.8345 -0.99957 0.0250299 0.0153062 -1.10404 0.0151493 -0.00644412 0.999864 89.4347
0.0154053 0.999865 0.00571919 31.6524 -0.999766 0.0153164 0.0152855 -1.12542 0.0151958 -0.00595333 0.999867 89.447
0.0051 0.999974 0.0051334 32.4473 -0.999882 0.0050249 0.0145376 -1.14479 0.0145114 -0.00520693 0.999881 89.4499
-0.00571872 0.999964 0.00634506 33.2562 -0.999891 -0.00580424 0.013542 -1.16874 0.0135783 -0.00626692 0.999888 89.4527
-0.017064 0.999844 0.00465552 34.0549 -0.999779 -0.0171199 0.0122408 -1.18841 0.0123186 -0.00444561 0.999914 89.4347
-0.0285409 0.999577 0.00555147 34.8379 -0.999512 -0.0286087 0.0125458 -1.2132 0.0126993 -0.00519069 0.999906 89.4158
-0.0389764 0.999232 0.0039392 35.6244 -0.999155 -0.0390243 0.0129374 -1.23458 0.0130812 -0.00343162 0.999909 89.3879
-0.0496029 0.998759 0.00436571 36.3943 -0.998672 -0.0496586 0.0137344 -1.25283 0.0139342 -0.00367865 0.999896 89.3531
-0.0596699 0.998208 0.00446431 37.1767 -0.99811 -0.0597288 0.014481 -1.27563 0.0147217 -0.0035918 0.999885 89.3162
-0.069524 0.997572 0.00408625 37.9497 -0.997465 -0.0695777 0.014923 -1.29454 0.0151711 -0.00303838 0.99988 89.2627
-0.0788101 0.996882 0.00400093 38.6987 -0.996768 -0.0788626 0.0153133 -1.31661 0.015581 -0.00278115 0.999875 89.213
-0.088381 0.996084 0.00244234 39.4511 -0.995962 -0.0884085 0.0156262 -1.33933 0.0157809 -0.00105142 0.999875 89.1499
-0.096851 0.995299 0.00087031 40.1925 -0.995185 -0.0968531 0.0150621 -1.3581 0.0150756 0.000592658 0.999886 89.0723
-0.104045 0.994572 0.000947554 40.9286 -0.994472 -0.104048 0.0141277 -1.38055 0.0141496 0.000527603 0.9999 88.9913
-0.109793 0.993953 -0.00162941 41.6584 -0.993881 -0.109765 0.012313 -1.3986 0.0120597 0.00297132 0.999923 88.9107
-0.113466 0.993535 -0.00369561 42.3734 -0.993489 -0.113421 0.0107284 -1.42172 0.0102399 0.00488886 0.999936 88.8279
-0.115948 0.993238 -0.00585049 43.0746 -0.993217 -0.11589 0.00949595 -1.43964 0.00875373 0.00691184 0.999938 88.7537
-0.117973 0.992994 -0.00666253 43.7702 -0.992983 -0.117911 0.00906777 -1.45648 0.00821866 0.00768553 0.999937 88.6682
-0.118715 0.992909 -0.00613121 44.4427 -0.992892 -0.118656 0.00925177 -1.47136 0.00845866 0.00718595 0.999938 88.5848
-0.118069 0.992984 -0.006461 45.1031 -0.992963 -0.118002 0.0100131 -1.48691 0.00918045 0.00759778 0.999929 88.5077
-0.115298 0.99331 -0.00645241 45.738 -0.993275 -0.11522 0.0114011 -1.50552 0.0105814 0.00772354 0.999914 88.4335
-0.110037 0.993895 -0.00801661 46.3768 -0.99386 -0.109932 0.0125173 -1.52248 0.0115596 0.00934475 0.99989 88.3626
-0.10266 0.994688 -0.0075718 46.9933 -0.99464 -0.102555 0.013155 -1.53887 0.0123086 0.0088817 0.999885 88.3074
-0.0914354 0.995795 -0.00556532 47.583 -0.995732 -0.0913565 0.0130758 -1.55459 0.0125124 0.00673716 0.999899 88.2587
-0.078098 0.99693 -0.00551052 48.1442 -0.996861 -0.0780179 0.0134966 -1.5749 0.0130252 0.00654728 0.999894 88.2228
-0.0606584 0.998145 -0.00525969 48.6946 -0.998053 -0.0605747 0.0148387 -1.59025 0.0144926 0.00614954 0.999876 88.2011
-0.0393435 0.999219 -0.00366161 49.2266 -0.999075 -0.0392738 0.0174862 -1.60796 0.0173288 0.0043462 0.99984 88.1903
-0.0150399 0.999885 -0.0017179 49.757 -0.999676 -0.0150014 0.0205749 -1.62594 0.0205468 0.00202679 0.999787 88.1966
0.0129823 0.999915 -0.000700155 50.2705 -0.999666 0.0129947 0.0223379 -1.64018 0.0223451 0.000409925 0.99975 88.2186
0.0458356 0.998949 0.000115749 50.7985 -0.998699 0.0458216 0.0223959 -1.65889 0.022367 -0.00114213 0.999749 88.2612
0.0833204 0.996523 -6.66113e-05 51.3165 -0.99631 0.083304 0.0206506 -1.67153 0.0205844 -0.00165425 0.999787 88.3187
0.125447 0.992099 0.00133031 51.8205 -0.991958 0.125406 0.0170958 -1.68513 0.0167939 -0.00346423 0.999853 88.4009
0.169888 0.985459 0.00284768 52.3304 -0.985381 0.169836 0.0134153 -1.70329 0.0127366 -0.00508516 0.999906 88.5194
0.217836 0.975959 0.00722384 52.8248 -0.975946 0.217755 0.0105901 -1.71887 0.00876249 -0.00935699 0.999918 88.6559
0.269272 0.963016 0.00959927 53.3 -0.963042 0.269184 0.00950263 -1.73319 0.00656721 -0.0118033 0.999909 88.8063
0.323242 0.946273 0.00906891 53.769 -0.946296 0.323156 0.0097242 -1.73595 0.00627107 -0.0117251 0.999912 89.0045
0.38056 0.924733 0.00660262 54.2166 -0.924731 0.380486 0.010196 -1.7567 0.00691641 -0.00998585 0.999926 89.2157
0.440479 0.897759 0.00270559 54.6209 -0.897697 0.440408 0.0134868 -1.76325 0.0109163 -0.00836945 0.999905 89.4224
0.499498 0.866312 -0.00235105 55.0238 -0.866164 0.49946 0.0172834 -1.78303 0.016147 -0.00659662 0.999848 89.6934
0.557759 0.829998 -0.00306046 55.3897 -0.829771 0.557686 0.0215983 -1.78662 0.0196333 -0.00950714 0.999762 89.9625
0.613095 0.79 -0.00369164 55.7464 -0.7897 0.612979 0.0251232 -1.79167 0.0221102 -0.0124876 0.999678 90.2884
0.66628 0.745679 -0.00576512 56.0737 -0.745337 0.666177 0.0261124 -1.80239 0.023312 -0.0131012 0.999642 90.623
0.715954 0.698106 -0.00754252 56.3724 -0.697774 0.715883 0.0249449 -1.81128 0.0228138 -0.0125964 0.99966 90.9394
0.761508 0.648141 -0.0043306 56.6726 -0.647932 0.761403 0.0211862 -1.83686 0.017029 -0.0133275 0.999766 91.3411
0.80348 0.595332 -0.000566616 56.93 -0.59524 0.803372 0.0168393 -1.84104 0.0104801 -0.0131927 0.999858 91.7368
0.840791 0.541343 0.00433665 57.146 -0.541346 0.840682 0.0140826 -1.85689 0.00397776 -0.0141881 0.999891 92.1212
0.872652 0.488256 0.00917956 57.3612 -0.488337 0.872573 0.011933 -1.85432 -0.00218348 -0.0148961 0.999887 92.5594
0.898975 0.437763 0.0144145 57.5467 -0.437925 0.898942 0.0111567 -1.86937 -0.00807383 -0.0163421 0.999834 93.0073
0.919907 0.391692 0.0186409 57.697 -0.391949 0.919897 0.0128466 -1.88045 -0.0121158 -0.0191239 0.999744 93.4197
0.936024 0.351271 0.0216342 57.8377 -0.351663 0.935949 0.0182136 -1.87262 -0.0138506 -0.0246564 0.9996 93.8944
0.948446 0.316186 0.0218189 57.9562 -0.316654 0.948262 0.0229934 -1.87456 -0.0134198 -0.028717 0.999497 94.3482
0.958284 0.285089 0.0204105 58.0826 -0.28555 0.958035 0.0251023 -1.85423 -0.0123976 -0.0298834 0.999477 94.8205
0.964695 0.262668 0.0192298 58.2192 -0.263041 0.964569 0.0203921 -1.86958 -0.0131921 -0.0247303 0.999607 95.2993
0.96886 0.246904 0.0186697 58.3427 -0.247224 0.968804 0.017317 -1.86873 -0.0138117 -0.0213934 0.999676 95.7803
0.97198 0.234323 0.0186413 58.4443 -0.23469 0.971848 0.0207732 -1.86562 -0.0132489 -0.0245661 0.99961 96.289
0.974198 0.224856 0.0194475 58.5367 -0.225314 0.973942 0.0258998 -1.85487 -0.013117 -0.0296133 0.999475 96.7892
0.975714 0.218139 0.0199478 58.6422 -0.218703 0.975241 0.0327777 -1.84847 -0.0123039 -0.0363443 0.999264 97.3055
0.976342 0.215495 0.0178256 58.741 -0.21605 0.975577 0.0396377 -1.84236 -0.00884859 -0.0425511 0.999055 97.8169
0.976507 0.214952 0.0151754 58.8488 -0.215399 0.975695 0.0402767 -1.84822 -0.00614898 -0.0425992 0.999073 98.3548
0.9761 0.217016 0.0115423 58.9798 -0.217304 0.975332 0.0388185 -1.84794 -0.00283333 -0.0403989 0.99918 98.9003
0.975208 0.221229 0.0052919 59.1145 -0.221265 0.97444 0.03883 -1.84775 0.00343367 -0.0390382 0.999232 99.454
0.974208 0.225648 0.00146732 59.2435 -0.225523 0.973403 0.0403207 -1.85255 0.00767 -0.0396117 0.999186 100.024
0.973225 0.22984 0.00239259 59.3693 -0.229729 0.972311 0.0428365 -1.85425 0.0075192 -0.0422392 0.999079 100.607
0.97192 0.235217 0.0066527 59.5023 -0.235272 0.970863 0.0455281 -1.85567 0.00425011 -0.0458148 0.998941 101.188
0.970792 0.239653 0.0113764 59.6567 -0.239922 0.969816 0.0435269 -1.86522 -0.000601607 -0.044985 0.998987 101.802
0.969766 0.243507 0.0160563 59.812 -0.243961 0.968997 0.039076 -1.864 -0.00604323 -0.0418117 0.999107 102.407
0.968773 0.247124 0.020205 59.9686 -0.247721 0.968156 0.0361689 -1.86717 -0.0106234 -0.0400446 0.999141 103.039
0.968009 0.250099 0.0202252 60.1403 -0.250654 0.967532 0.0324779 -1.8667 -0.0114459 -0.0365085 0.999268 103.684
0.967835 0.251026 0.0167575 60.3046 -0.251431 0.967423 0.0295701 -1.86197 -0.00878874 -0.0328324 0.999422 104.323
0.968005 0.250758 0.00934994 60.48 -0.250923 0.967613 0.0276212 -1.8707 -0.0021209 -0.0290835 0.999575 104.969
0.9682 0.25015 0.0037412 60.6478 -0.250136 0.96766 0.0326394 -1.86411 0.00454453 -0.0325373 0.99946 105.631
0.968854 0.247634 0.000428306 60.8027 -0.247492 0.968235 0.0356116 -1.86847 0.00840394 -0.0346084 0.999366 106.293
0.969467 0.245188 0.00398918 60.9743 -0.245176 0.968855 0.0347632 -1.8643 0.00465857 -0.0346798 0.999388 106.992
0.969832 0.24356 0.0101912 61.1535 -0.243757 0.969408 0.0288117 -1.87417 -0.00286199 -0.0304267 0.999533 107.699
0.970409 0.24096 0.015658 61.3262 -0.241314 0.970066 0.027196 -1.87072 -0.00863611 -0.0301697 0.999507 108.436
0.970856 0.239133 0.0159208 61.4938 -0.23952 0.970425 0.0300755 -1.87582 -0.0082579 -0.0330123 0.999421 109.163
0.971406 0.237071 0.0129642 61.6637 -0.237393 0.970722 0.0366616 -1.87386 -0.00389325 -0.0386909 0.999244 109.892
0.972279 0.233685 0.00807239 61.8406 -0.233822 0.971502 0.0388753 -1.88177 0.00124224 -0.0396851 0.999211 110.644
0.97323 0.229778 0.00504492 62.0195 -0.229798 0.972462 0.0388613 -1.87784 0.00402345 -0.0389803 0.999232 111.403
0.974157 0.225801 0.00568912 62.206 -0.225855 0.973448 0.0372634 -1.88206 0.00287607 -0.0375853 0.999289 112.171
0.974986 0.222147 0.00723875 62.3846 -0.222265 0.974393 0.0340026 -1.89358 0.000500187 -0.0347609 0.999396 112.962
0.975483 0.21989 0.00898611 62.567 -0.220065 0.974989 0.0310986 -1.89604 -0.00192308 -0.0323137 0.999476 113.766
0.975749 0.218634 0.0106641 62.7483 -0.218853 0.975351 0.0281913 -1.89583 -0.00423765 -0.0298415 0.999546 114.554
0.975856 0.218135 0.0110311 62.9338 -0.218338 0.975603 0.0229465 -1.90732 -0.00575654 -0.024801 0.999676 115.358
0.975884 0.217926 0.0125925 63.1025 -0.21817 0.975635 0.0232177 -1.90274 -0.00722591 -0.025405 0.999651 116.16
0.97583 0.21819 0.0122282 63.2779 -0.218458 0.975427 0.0286047 -1.90343 -0.00568648 -0.0305847 0.999516 116.983
0.9758 0.218424 0.0102108 63.4535 -0.21865 0.975187 0.0346884 -1.90407 -0.0023807 -0.0360815 0.999346 117.8
0.975564 0.219441 0.0109889 63.6165 -0.219714 0.97455 0.0444709 -1.90695 -0.000950513 -0.0457986 0.99895 118.628
0.974972 0.221931 0.0132679 63.7905 -0.222321 0.973664 0.0505057 -1.91159 -0.00170966 -0.0521914 0.998636 119.471
0.974314 0.224674 0.0153113 63.9769 -0.225171 0.972943 0.0517604 -1.90767 -0.00326785 -0.0538785 0.998542 120.313
0.97368 0.227434 0.0148839 64.1584 -0.227909 0.97222 0.0533385 -1.91211 -0.0023394 -0.0553268 0.998466 121.14
0.97325 0.229364 0.0133019 64.3486 -0.229749 0.971755 0.0539275 -1.92006 -0.000557192 -0.055541 0.998456 121.984
0.972926 0.230793 0.0122434 64.5538 -0.231116 0.971762 0.0475787 -1.92226 -0.000916854 -0.0491201 0.998792 122.813
0.972899 0.230981 0.0107929 64.7639 -0.231231 0.97199 0.0420335 -1.93785 -0.000781651 -0.04339 0.999058 123.653
0.972684 0.231919 0.00996598 64.9725 -0.232133 0.971888 0.0393371 -1.95714 -0.000562782 -0.040576 0.999176 124.503
0.972236 0.233633 0.0131813 65.1686 -0.233983 0.971358 0.0414239 -1.95766 -0.00312575 -0.043358 0.999055 125.341
0.971949 0.23442 0.0190418 65.3642 -0.235051 0.970978 0.0441879 -1.95264 -0.00813061 -0.0474242 0.998842 126.183
0.97172 0.235041 0.0227349 65.5543 -0.235869 0.970698 0.0459511 -1.94636 -0.0112683 -0.050014 0.998685 127.027
0.971361 0.236967 0.017481 65.7451 -0.237533 0.970293 0.0459211 -1.95576 -0.00607996 -0.0487583 0.998792 127.85
0.971439 0.237267 0.00319146 65.9485 -0.237184 0.970526 0.0427035 -1.96873 0.00703472 -0.0422408 0.999083 128.651
0.971462 0.237133 -0.00550984 66.1467 -0.236724 0.97073 0.0405629 -1.99531 0.0149674 -0.038101 0.999162 129.465
0.971658 0.236381 0.00203517 66.3496 -0.236286 0.970944 0.037898 -1.99748 0.00698233 -0.0373048 0.99928 130.301
0.971871 0.234727 0.0192555 66.5485 -0.235241 0.971434 0.0312586 -1.98868 -0.0113682 -0.034909 0.999326 131.148
0.971816 0.23351 0.0323601 66.7565 -0.234302 0.971884 0.023322 -1.98891 -0.0260043 -0.0302468 0.999204 131.992
0.972206 0.232232 0.0297457 66.9351 -0.233055 0.972059 0.0280465 -1.99929 -0.0224012 -0.0341993 0.999164 132.799
0.972708 0.231359 0.0176722 67.1142 -0.231895 0.97193 0.0397126 -2.00489 -0.0079883 -0.0427269 0.999055 133.606
0.972984 0.230671 0.0096836 67.306 -0.230874 0.972076 0.0420238 -1.99372 0.000280485 -0.0431242 0.99907 134.411
0.973492 0.228613 0.00705761 67.4949 -0.228716 0.972777 0.0373438 -2.00921 0.00167182 -0.0379681 0.999278 135.211
0.974086 0.226037 0.0079562 67.6826 -0.226177 0.97344 0.0354743 -2.0216 0.000273612 -0.0363545 0.999339 136.02
0.974863 0.222687 0.00729569 67.8627 -0.222805 0.97421 0.0356881 -2.0285 0.000839724 -0.0364165 0.999336 136.828
0.975948 0.217924 0.00593936 68.0445 -0.217991 0.975214 0.0379045 -2.03486 0.00246816 -0.0382876 0.999264 137.642
0.976569 0.215116 0.00612175 68.2191 -0.215183 0.975691 0.041524 -2.05146 0.00295956 -0.0418684 0.999119 138.46
0.97707 0.212779 0.00775521 68.371 -0.212904 0.975907 0.0477146 -2.05141 0.00258428 -0.0482716 0.998831 139.276
0.977415 0.211103 0.00976999 68.5396 -0.211328 0.976202 0.0486857 -2.06503 0.000740234 -0.0496508 0.998766 140.077
0.977693 0.209631 0.013049 68.7048 -0.210019 0.976542 0.0475256 -2.0664 -0.00278008 -0.049206 0.998785 140.866
0.977996 0.208199 0.0133289 68.8778 -0.208597 0.97692 0.0459759 -2.07468 -0.00344911 -0.0477446 0.998854 141.672
0.978536 0.205798 0.0106481 69.0429 -0.206069 0.977542 0.0441225 -2.08756 -0.00132867 -0.0453698 0.998969 142.464
0.979434 0.201677 0.00595957 69.2106 -0.201753 0.978613 0.040161 -2.09845 0.00226746 -0.0405374 0.999175 143.248
0.980787 0.195035 0.00421811 69.3682 -0.195051 0.980031 0.0386677 -2.10923 0.00340768 -0.0387475 0.999243 144.044
0.98202 0.188587 0.00843682 69.5231 -0.18877 0.98135 0.0363182 -2.11252 -0.00143035 -0.0372578 0.999305 144.833
0.983053 0.182607 0.0161506 69.6657 -0.183057 0.982542 0.0331823 -2.12419 -0.00980929 -0.0355765 0.999319 145.612
0.98364 0.178329 0.0255287 69.8123 -0.179089 0.98333 0.0314401 -2.13122 -0.0194965 -0.0354977 0.99918 146.424
0.984289 0.174236 0.0285676 69.9459 -0.175175 0.983931 0.034538 -2.11964 -0.0220908 -0.0389997 0.998995 147.22
0.985178 0.169756 0.0246554 70.0727 -0.170614 0.984593 0.0383112 -2.11052 -0.017772 -0.0419499 0.998962 148.033
0.986494 0.163106 0.0150248 70.1952 -0.16358 0.985751 0.0391953 -2.11372 -0.00841773 -0.0411237 0.999119 148.827
0.987594 0.156801 0.0084349 70.3263 -0.157009 0.986878 0.0376922 -2.10339 -0.00241403 -0.0385489 0.999254 149.598
0.988612 0.150223 0.00891098 70.4524 -0.150451 0.987941 0.0365789 -2.11103 -0.0033085 -0.037503 0.999291 150.427
0.98971 0.142544 0.012457 70.554 -0.142936 0.988912 0.0402743 -2.11154 -0.00657801 -0.0416404 0.999111 151.235
0.99083 0.134603 0.0117613 70.6447 -0.135004 0.989786 0.0457896 -2.11413 -0.00547775 -0.0469575 0.998882 152.039
0.99214 0.124954 0.00666239 70.7345 -0.125131 0.990907 0.0494477 -2.11373 -0.000423103 -0.0498927 0.998754 152.85
0.993192 0.116425 0.00387283 70.8308 -0.116475 0.991997 0.0487355 -2.12229 0.00183219 -0.0488548 0.998804 153.674
0.994069 0.108584 0.00600332 70.9136 -0.108748 0.992873 0.0487535 -2.12512 -0.000666696 -0.0491172 0.998793 154.5
0.994876 0.10033 0.0124523 70.9871 -0.100847 0.993543 0.051976 -2.12147 -0.00715709 -0.0529654 0.998571 155.331
0.995562 0.0922794 0.0184383 71.0468 -0.0931444 0.994218 0.05343 -2.12457 -0.0134012 -0.0549103 0.998401 156.167
0.996234 0.084032 0.0213835 71.1159 -0.0850692 0.994944 0.0533898 -2.12371 -0.016789 -0.0550078 0.998345 157.007
0.996698 0.0777587 0.0233867 71.1721 -0.0789304 0.995404 0.0542388 -2.11881 -0.0190617 -0.0559057 0.998254 157.836
0.997047 0.0736988 0.0215709 71.2314 -0.074762 0.995764 0.0535294 -2.11733 -0.0175345 -0.054984 0.998333 158.659
0.997467 0.069232 0.0163095 71.2755 -0.0700649 0.995872 0.0577061 -2.11376 -0.0122471 -0.0587027 0.9982 159.491
0.997796 0.0655586 0.0102843 71.3154 -0.0660847 0.995756 0.0640487 -2.11131 -0.00604169 -0.0645871 0.997894 160.304
0.997988 0.0629455 0.00761335 71.3593 -0.0633096 0.995847 0.0654288 -2.11336 -0.00346328 -0.0657792 0.997828 161.119
0.99815 0.0592996 0.0133955 71.3984 -0.0600675 0.995945 0.0669773 -2.11673 -0.00936948 -0.067658 0.997665 161.951
0.998121 0.0567359 0.023142 71.4343 -0.0581843 0.996012 0.0676382 -2.10328 -0.0192122 -0.0688576 0.997441 162.772
0.998128 0.0529608 0.0305999 71.4706 -0.0549348 0.996189 0.0677462 -2.09906 -0.0268954 -0.0693004 0.997233 163.616
0.998449 0.0483211 0.0276409 71.5147 -0.0500107 0.996689 0.0641087 -2.08673 -0.0244515 -0.0653916 0.99756 164.423
0.99887 0.043914 0.0181638 71.5647 -0.0448662 0.997431 0.0558441 -2.09961 -0.0156648 -0.0565959 0.998274 165.238
0.999229 0.0372535 0.012417 71.593 -0.0378701 0.997833 0.0537992 -2.08372 -0.0103859 -0.054228 0.998475 166.055
0.999459 0.0301473 0.0131258 71.6131 -0.0308397 0.997943 0.0562011 -2.07186 -0.0114045 -0.0565755 0.998333 166.877
0.999571 0.0225523 0.0186615 71.6295 -0.0235022 0.998352 0.0523547 -2.06551 -0.01745 -0.0527708 0.998454 167.704
0.999626 0.0152185 0.0227359 71.6446 -0.0162582 0.998797 0.0462641 -2.07269 -0.0220045 -0.0466165 0.99867 168.532
0.999621 0.00901392 0.0260149 71.6588 -0.0100323 0.999178 0.0392839 -2.04898 -0.0256394 -0.03953 0.998889 169.374
0.99965 0.0033364 0.0262279 71.6709 -0.00422468 0.999417 0.0338856 -2.04322 -0.0260995 -0.0339846 0.999082 170.204
0.999798 -0.00300496 0.0198563 71.6647 0.00241 0.999549 0.0299196 -2.04422 -0.0199373 -0.0298657 0.999355 171.036
0.999907 -0.00973253 0.00956826 71.6641 0.00949746 0.999659 0.0243143 -2.02627 -0.00980163 -0.0242211 0.999659 171.856
0.999847 -0.0165022 0.00581847 71.6721 0.0163768 0.999646 0.020969 -2.02449 -0.00616244 -0.0208705 0.999763 172.699
0.999653 -0.0231398 0.0125859 71.6534 0.0228846 0.999537 0.0200563 -2.01813 -0.0130441 -0.0197613 0.99972 173.546
0.999307 -0.0279487 0.0245693 71.6162 0.0273357 0.999315 0.0249447 -1.99999 -0.0252496 -0.0242558 0.999387 174.391
0.998936 -0.0328394 0.0323755 71.5712 0.0318416 0.999016 0.0308698 -1.99421 -0.0333574 -0.0298061 0.998999 175.254
0.9989 -0.0357782 0.0303077 71.5384 0.0348601 0.998933 0.030298 -1.98212 -0.0313594 -0.0292082 0.999081 176.096
0.999074 -0.0379206 0.0203504 71.5092 0.0372502 0.998782 0.0323646 -1.98075 -0.0215529 -0.0315766 0.999269 176.945
0.999115 -0.0408278 0.0101569 71.4384 0.0403623 0.998283 0.0424502 -1.9599 -0.0118726 -0.0420027 0.999047 177.791
0.999071 -0.0425419 0.00694151 71.4017 0.0422087 0.998199 0.0426181 -1.95571 -0.00874206 -0.0422855 0.999067 178.635
0.998938 -0.0445585 0.0117446 71.3623 0.044097 0.998342 0.0369925 -1.95495 -0.0133735 -0.0364353 0.999247 179.504
0.998777 -0.0451561 0.0201497 71.3308 0.0444607 0.998442 0.0337183 -1.93645 -0.0216409 -0.0327811 0.999228 180.353
0.998627 -0.0456597 0.0256911 71.2828 0.044769 0.99841 0.0342396 -1.91963 -0.0272136 -0.0330424 0.999083 181.209
0.998563 -0.0472695 0.0252595 71.2324 0.046333 0.998261 0.0364551 -1.91341 -0.0269387 -0.0352324 0.999016 182.057
0.998663 -0.0489578 0.0166026 71.1963 0.0483843 0.998272 0.0333472 -1.90224 -0.0182065 -0.0324993 0.999306 182.908
0.998681 -0.051013 0.00584467 71.1699 0.0508244 0.998292 0.0288217 -1.90087 -0.00730497 -0.0284867 0.999567 183.751
0.998607 -0.0527188 0.00217581 71.1323 0.0526682 0.998432 0.0189796 -1.90741 -0.00317298 -0.0188386 0.999818 184.604
0.998527 -0.0538701 0.00652855 71.078 0.053727 0.998347 0.0204043 -1.90547 -0.00761694 -0.0200235 0.99977 185.468
0.998343 -0.055197 0.0162678 71.023 0.0548352 0.998255 0.0219074 -1.89486 -0.0174486 -0.020979 0.999628 186.334
0.998186 -0.0567122 0.0201932 70.9665 0.0562763 0.998183 0.0215391 -1.89409 -0.021378 -0.0203636 0.999564 187.184
0.998199 -0.0574492 0.0172739 70.924 0.0570215 0.998077 0.02431 -1.89252 -0.0186372 -0.0232812 0.999555 188.039
0.998292 -0.0573229 0.0112968 70.8654 0.0570187 0.998044 0.0256316 -1.89326 -0.012744 -0.0249436 0.999608 188.89
0.998281 -0.0577252 0.0101392 70.8014 0.0573781 0.997849 0.0317163 -1.88358 -0.0119483 -0.03108 0.999445 189.733
0.998231 -0.0580984 0.0125975 70.7401 0.0576422 0.997759 0.0339684 -1.884 -0.0145428 -0.0331822 0.999344 190.561
0.998132 -0.0590857 0.0155357 70.6821 0.0584477 0.997539 0.0387331 -1.8795 -0.0177861 -0.0377528 0.999129 191.397
0.998069 -0.059364 0.0182748 70.6252 0.0585693 0.997428 0.0413195 -1.87529 -0.0206807 -0.0401693 0.998979 192.244
0.998054 -0.0597028 0.0180202 70.5659 0.0588572 0.997284 0.0442873 -1.86237 -0.0206153 -0.0431405 0.998856 193.065
0.998089 -0.0600627 0.0145077 70.5153 0.0593867 0.997298 0.0432333 -1.86371 -0.0170652 -0.0422891 0.99896 193.892
0.998094 -0.060967 0.00950797 70.4541 0.0604734 0.997127 0.0456144 -1.86406 -0.0122616 -0.0449525 0.998914 194.696
0.997997 -0.0624949 0.00978745 70.399 0.0619581 0.996928 0.0479109 -1.8654 -0.0127516 -0.0472085 0.998804 195.514
0.997725 -0.0648385 0.0184566 70.3424 0.0638429 0.996696 0.0502058 -1.84387 -0.0216509 -0.0489132 0.998568 196.349
